In case of multi-objective optimiztion, this file may not contain all best structures, please see "Pareto_ranking" file! 
Gen   ID    Origin   Composition    Enthalpy   Volume  Density  Mag_moment   KPOINTS  SYMM  Q_entr A_order S_order
                                      (eV)     (A^3)  (g/cm^3)
  1   97   Seeds     [     1 12  ]  -103.146   172.396   7.903     -0.154  [ 4  3  3]  71  0.170  3.152  2.540 
  1   58   RandTop   [     1 12  ]  -101.809   167.976   8.111     -0.158  [ 3  2  4]   2  0.180  2.606  2.055 
  1   49   RandTop   [     1 12  ]  -101.732   163.596   8.328     -0.162  [ 4  4  2]  12  0.172  3.398  2.686 
  1   80   RandTop   [     1 12  ]  -101.427   165.704   8.222     -0.167  [ 3  3  3]   1  0.187  2.327  1.809 
  2  207 softmutate  [     1 12  ]  -102.695   164.260   8.295     -0.140  [ 4  4  2]  69  0.164  3.150  2.504 
  2  111  Heredity   [     1 12  ]  -102.105   174.327   7.816     -0.159  [ 3  2  3]   2  0.190  2.546  1.937 
  2  164 Permutate   [     1 12  ]  -101.913   169.224   8.051     -0.168  [ 4  4  2]  12  0.162  3.279  2.646 
  2  201 softmutate  [     1 12  ]  -101.621   163.644   8.326     -0.170  [ 1  5  4]  47  0.177  3.141  2.423 
  2  193 softmutate  [     1 12  ]  -101.268   165.996   8.208     -0.170  [ 2  3  4]   2  0.180  2.533  1.981 
  3  380   Seeds     [     1 12  ]  -103.195   170.037   8.013     -0.154  [ 4  3  3] 139  0.148  3.258  2.725 
  3  345 softmutate  [     1 12  ]  -101.907   162.039   8.408     -0.161  [ 5  3  2]  10  0.122  2.843  2.480 
  3  246  Heredity   [     1 12  ]  -101.889   167.873   8.116     -0.169  [ 4  4  2]  12  0.164  3.383  2.723 
  3  288 Permutate   [     1 12  ]  -101.493   163.352   8.341     -0.171  [ 2  3  4]   2  0.139  2.753  2.354 
  3  340 softmutate  [     1 12  ]  -100.270   158.027   8.622     -0.171  [ 3  5  2]   2  0.152  2.231  1.864 
  4  492 softmutate  [     1 12  ]  -103.097   162.159   8.402     -0.148  [ 3  4  3] 139  0.158  3.105  2.573 
  4  427 Permutate   [     1 12  ]  -102.060   175.086   7.782     -0.157  [ 2  4  4]  10  0.152  2.678  2.205 
  4  466 LatMutate   [     1 12  ]  -101.915   174.974   7.787     -0.160  [ 4  4  2]  12  0.147  2.794  2.348 
  4  436 Permutate   [     1 12  ]  -101.904   170.187   8.006     -0.166  [ 4  4  2] 191  0.162  3.565  2.857 
  4  444 Permutate   [     1 12  ]  -101.650   163.409   8.338     -0.171  [ 3  4  2]   2  0.131  2.836  2.441 
  5  684   Seeds     [     1 12  ]  -103.201   168.028   8.109     -0.154  [ 4  3  3] 139  0.146  3.190  2.679 
  5  581 Permutate   [     1 12  ]  -101.915   171.423   7.948     -0.163  [ 2  4  4]  12  0.149  2.981  2.490 
  5  692   Seeds     [     1 12  ]  -101.839   170.810   7.977     -0.163  [ 3  3  3]   2  0.174  2.383  1.902 
  5  658 softmutate  [     1 12  ]  -101.768   166.619   8.177     -0.167  [ 4  5  1]  71  0.171  3.121  2.439 
  5  659 softmutate  [     1 12  ]  -101.714   165.424   8.236     -0.170  [ 2  4  3]  12  0.182  2.807  2.195 
  5  604 Permutate   [     1 12  ]  -101.587   164.261   8.295     -0.171  [ 3  4  2]   2  0.137  2.643  2.258 
  5  643 softmutate  [     1 12  ]  -101.134   166.592   8.178     -0.173  [ 3  3  3]   1  0.191  2.186  1.697 
  6  911   Seeds     [     1 12  ]  -103.182   166.209   8.197     -0.154  [ 4  3  3]  71  0.165  3.094  2.515 
  6  745 Permutate   [     1 12  ]  -102.115   174.497   7.808     -0.162  [ 3  3  2] 191  0.158  3.699  3.016 
  6  875   Seeds     [     1 12  ]  -101.806   165.711   8.222     -0.162  [ 4  4  2]  12  0.172  3.159  2.514 
  6  704  Heredity   [     1 12  ]  -101.762   166.794   8.169     -0.163  [ 3  3  3]   2  0.168  2.383  1.926 
  6  838   Seeds     [     1 12  ]  -101.753   163.951   8.310     -0.163  [ 4  4  2] 191  0.172  3.575  2.836 
  6  752 Permutate   [     1 12  ]  -101.713   165.018   8.256     -0.170  [ 2  4  3]   2  0.117  2.933  2.587 
  6  921   Seeds     [     1 12  ]  -101.292   165.309   8.242     -0.170  [ 3  3  3]   1  0.197  2.236  1.720 
  7  943  Heredity   [     1 12  ]  -102.806   165.532   8.231     -0.137  [ 4  4  2]  12  0.144  3.261  2.706 
  7  958   RandTop   [     1 12  ]  -101.902   163.257   8.346     -0.152  [ 3  2  3]  47  0.199  2.899  2.153 
  7  980 Permutate   [     1 12  ]  -101.852   172.771   7.886     -0.163  [ 3  4  2]  12  0.165  2.768  2.234 
  7  926  Heredity   [     1 12  ]  -101.842   167.236   8.147     -0.169  [ 4  4  2]  12  0.165  3.153  2.547 
  7  973 Permutate   [     1 12  ]  -101.637   164.687   8.273     -0.171  [ 2  4  3]   2  0.137  2.766  2.362 
  7  935  Heredity   [     1 12  ]  -101.454   163.405   8.338     -0.175  [ 3  3  2]   2  0.121  2.625  2.298 
  8 1168 Permutate   [     1 12  ]  -102.781   163.972   8.309     -0.140  [ 4  4  2] 123  0.146  3.664  3.043 
  8 1179 LatMutate   [     1 12  ]  -103.206   168.084   8.106     -0.153  [ 3  4  3] 139  0.153  3.075  2.551 
  8 1109  Heredity   [     1 12  ]  -102.160   173.857   7.837     -0.163  [ 3  3  2]   8  0.184  3.314  2.585 
  8 1160 Permutate   [     1 12  ]  -101.512   168.685   8.077     -0.166  [ 3  3  3]   1  0.184  2.331  1.832 
  8 1214 softmutate  [     1 12  ]  -101.479   166.487   8.184     -0.168  [ 3  3  2]   8  0.217  2.754  1.985 
  8 1289   Seeds     [     1 12  ]  -100.785   172.646   7.892     -0.168  [ 3  3  2]   1  0.192  2.308  1.780 
  8 1240 softmutate  [     1 12  ]   -99.962   162.722   8.373     -0.175  [ 3  3  3]   1  0.198  2.120  1.624 
  9 1483   Seeds     [     1 12  ]  -103.047   161.058   8.460     -0.148  [ 4  3  3] 139  0.159  3.053  2.522 
  9 1366   RandTop   [     1 12  ]  -102.094   167.132   8.152     -0.166  [ 4  4  2]  12  0.146  3.067  2.549 
  9 1362 Permutate   [     1 12  ]  -101.909   171.574   7.941     -0.168  [ 4  3  2]   2  0.164  2.688  2.183 
  9 1481   Seeds     [     1 12  ]  -101.407   164.941   8.260     -0.168  [ 3  3  3]   1  0.188  2.345  1.821 
  9 1376 Permutate   [     1 12  ]  -101.406   160.359   8.496     -0.171  [ 4  3  2]  12  0.147  3.000  2.515 
  9 1341  Heredity   [     1 12  ]  -100.033   170.671   7.983     -0.172  [ 3  3  2]   1  0.188  2.371  1.842 
 10 1585   RandTop   [     1 12  ]  -102.654   170.147   8.008     -0.134  [ 2  4  4]  12  0.152  2.918  2.402 
 10 1580 Permutate   [     1 12  ]  -102.361   167.161   8.151     -0.156  [ 4  4  2]  12  0.142  3.114  2.620 
 10 1586 Permutate   [     1 12  ]  -102.119   169.069   8.059     -0.167  [ 5  5  1]   1  0.104  2.994  2.657 
 10 1593 Permutate   [     1 12  ]  -101.603   166.334   8.191     -0.170  [ 4  3  2]   2  0.140  2.689  2.279 
 10 1582 Permutate   [     1 12  ]  -101.554   168.828   8.070     -0.171  [ 4  3  2]   2  0.138  2.513  2.146 
 10 1592 Permutate   [     1 12  ]  -101.421   170.695   7.982     -0.173  [ 5  4  1]   1  0.127  2.857  2.437 
 11 1851 softmutate  [     1 12  ]  -102.695   168.029   8.109     -0.136  [ 4  4  2]  69  0.151  3.096  2.546 
 11 1739  Heredity   [     1 12  ]  -102.401   155.976   8.735     -0.139  [ 4  4  2]  10  0.139  3.295  2.777 
 11 1822 LatMutate   [     1 12  ]  -102.273   168.417   8.090     -0.144  [ 4  4  2]  12  0.144  2.709  2.264 
 11 1788 Permutate   [     1 12  ]  -102.203   170.389   7.996     -0.166  [ 3  3  2] 191  0.170  3.509  2.809 
 11 1783 Permutate   [     1 12  ]  -101.906   171.238   7.957     -0.166  [ 4  4  2]  12  0.158  3.446  2.781 
 11 1785 Permutate   [     1 12  ]  -101.803   164.866   8.264     -0.168  [ 4  4  2]  12  0.153  3.050  2.516 
 11 1745  Heredity   [     1 12  ]  -101.483   171.625   7.939     -0.170  [ 3  3  2]   5  0.205  2.482  1.856 
 11 1829 softmutate  [     1 12  ]  -101.382   160.714   8.478     -0.172  [ 3  4  2]   2  0.141  2.397  2.042 
 11 1862 softmutate  [     1 12  ]   -98.604   175.690   7.755     -0.179  [ 6  6  1]   1  0.133  2.533  2.329 
 12 2028 softmutate  [     1 12  ]  -103.086   163.605   8.328     -0.152  [ 4  3  3]  12  0.175  2.911  2.313 
 12 2112   Seeds     [     1 12  ]  -101.970   168.979   8.063     -0.166  [ 4  3  2]   1  0.171  2.871  2.304 
 12 1962   RandTop   [     1 12  ]  -101.287   169.085   8.058     -0.167  [ 3  3  2]   8  0.196  2.667  2.073 
 12 2080   Seeds     [     1 12  ]  -100.890   166.467   8.185     -0.167  [ 4  4  2]   8  0.232  2.499  1.751 
 12 1940   RandTop   [     1 12  ]  -100.387   157.825   8.633     -0.169  [ 3  3  2]   6  0.215  2.713  1.940 
 12 2068 softmutate  [     1 12  ]  -100.363   163.648   8.326     -0.173  [ 5  3  2]   2  0.156  2.513  2.074 
 12 2045 keptBest    [     1 12  ]   -98.604   175.690   7.755     -0.179  [ 6  6  1]   1  0.133  2.533  2.329 
 13 2188 Permutate   [     1 12  ]  -102.574   172.992   7.876     -0.134  [ 4  4  2]  12  0.139  2.911  2.464 
 13 2230 softmutate  [     1 12  ]  -102.560   162.386   8.390     -0.142  [ 4  4  2]  12  0.157  3.173  2.572 
 13 2160  Heredity   [     1 12  ]  -102.200   164.248   8.295     -0.160  [ 4  4  2]   2  0.137  2.937  2.488 
 13 2236 softmutate  [     1 12  ]  -101.914   162.925   8.363     -0.161  [ 5  3  2]   2  0.127  2.943  2.544 
 13 2155  Heredity   [     1 12  ]  -101.821   167.994   8.110     -0.163  [ 3  4  2]   2  0.151  2.633  2.192 
 13 2229 softmutate  [     1 12  ]  -101.812   163.920   8.312     -0.169  [ 4  4  2]  12  0.150  3.165  2.618 
 13 2254 softmutate  [     1 12  ]  -101.473   165.049   8.255     -0.171  [ 3  2  3]   2  0.126  2.534  2.204 
 13 2232 keptBest    [     1 12  ]   -98.604   175.690   7.755     -0.179  [ 6  6  1]   1  0.133  2.533  2.329 
 14 2365 softmutate  [     1 12  ]  -103.050   166.539   8.181     -0.153  [ 3  4  3]   2  0.169  2.670  2.154 
 14 2333 LatMutate   [     1 12  ]  -102.265   173.481   7.854     -0.158  [ 4  4  2]  12  0.140  2.952  2.493 
 14 2364 softmutate  [     1 12  ]  -102.074   160.385   8.495     -0.165  [ 5  5  1]  12  0.088  3.689  3.362 
 14 2319 Permutate   [     1 12  ]  -101.458   170.630   7.985     -0.170  [ 3  2  4]   2  0.137  2.818  2.407 
 14 2307 Permutate   [     1 12  ]  -101.421   160.884   8.469     -0.173  [ 3  3  3]   2  0.105  2.626  2.352 
 14 2372 softmutate  [     1 12  ]   -94.936   132.433  10.288     -0.179  [ 6  6  1]   1  0.103  2.523  2.291 
 15 2384  Heredity   [     1 12  ]  -103.189   166.251   8.195     -0.153  [ 4  3  3] 139  0.166  3.041  2.462 
 15 2426 Permutate   [     1 12  ]  -102.249   173.504   7.853     -0.160  [ 4  4  2]  12  0.148  2.986  2.471 
 15 2482 softmutate  [     1 12  ]  -101.999   158.638   8.589     -0.163  [ 5  5  1]   1  0.071  3.752  3.512 
 15 2480 softmutate  [     1 12  ]  -101.769   153.111   8.899     -0.163  [ 1  5  5]  12  0.094  3.370  3.082 
 15 2472 softmutate  [     1 12  ]  -101.609   163.915   8.312     -0.164  [ 5  4  1]   2  0.109  2.749  2.427 
 15 2407 Permutate   [     1 12  ]  -101.412   160.360   8.496     -0.174  [ 3  3  3]   2  0.101  2.694  2.428 
 16 2499  Heredity   [     1 12  ]  -103.165   169.792   8.024     -0.153  [ 4  3  3]  12  0.173  2.879  2.302 
 16 2530 Permutate   [     1 12  ]  -102.379   172.262   7.909     -0.157  [ 4  4  2]   2  0.126  2.936  2.541 
 16 2525 Permutate   [     1 12  ]  -102.149   166.638   8.176     -0.167  [ 5  5  1]   1  0.119  3.447  3.019 
 16 2549 Permutate   [     1 12  ]  -101.662   169.754   8.026     -0.170  [ 4  3  2]   2  0.140  2.447  2.085 
 16 2518 Permutate   [     1 12  ]  -101.506   164.130   8.301     -0.173  [ 4  3  2]   2  0.133  2.573  2.211 
 16 2539 Permutate   [     1 12  ]  -101.149   154.810   8.801     -0.176  [ 3  3  2]   2  0.112  2.666  2.363 
