-94.117 -97.777 -97.985 -97.971
-99.806 -100.096 -99.844 -99.471
-100.605 -99.512 -99.664 -99.217
-99.373 -100.780 -100.812 -100.551
-99.244 -100.702 -100.544 -100.044
-100.581 -101.463 -101.623 -101.076
-99.892 -101.197 -100.822 -100.533
-98.980 -101.916 -101.955 -101.573
-102.981 -100.875 -100.153 -100.016
-99.691 -100.821 -100.878 -100.616
-98.481 -100.507 -100.411 -100.327
-100.528 -100.721 -100.472 -100.195
-100.514 -102.478 -103.019 -102.712
-100.121 -100.539 -100.325 -99.725
-98.815 -100.330 -100.189 -99.830
-101.165 -101.583 -101.555 -101.435
-100.243 -100.859 -102.450 -102.404
-100.902 -101.178 -101.191 -100.906
-99.569 -99.611 -100.789 -100.693
-99.716 -100.214 -100.526 -100.285
-99.092 -100.164 -100.050 -99.648
-99.591 -99.511 -99.680 -99.496
-95.591 -101.748 -102.643 -102.457
-98.613 -100.926 -100.703 -100.460
-88.209 -99.925 -100.993 -100.627
-95.399 -99.765 -100.030 -99.697
-98.879 -99.922 -100.102 -100.067
-98.580 -100.431 -100.578 -100.427
-101.315 -100.869 -101.179 -100.877
-99.918 -100.471 -100.510 -100.159
-100.717 -102.293 -102.348 -101.995
-102.897 -100.456 -99.846 -99.552
-99.736 -101.362 -101.678 -101.351
-100.459 -102.548 -102.891 -102.616
-97.473 -98.894 -99.528 -99.434
-101.200 -101.359 -101.292 -101.026
-98.406 -99.828 -100.860 -100.645
-99.560 -100.667 -100.592 -100.322
-97.685 -100.127 -100.507 -100.181
-99.739 -101.465 -101.257 -100.986
-102.680 -98.184 -97.897 -97.742
-101.137 -101.129 -101.216 -100.918
-101.137 -99.260 -99.731 -99.727
-99.036 -100.960 -101.168 -100.784
-100.004 -100.637 -100.655 -100.235
-100.759 -101.375 -100.644 -100.328
-98.879 -100.437 -100.733 -100.438
-98.377 -100.562 -100.473 -100.315
-102.664 -102.745 -102.066 -101.732
-99.750 -101.066 -101.036 -100.944
-99.622 -100.285 -100.072 -100.046
-97.600 -99.441 -99.726 -99.624
-100.909 -99.009 -99.021 -98.932
-100.727 -101.403 -100.676 -100.354
-94.058 -100.076 -100.486 -100.130
-98.738 -100.435 -100.430 -100.299
-95.391 -100.445 -101.667 -101.172
-98.794 -101.504 -101.985 -101.809
-99.881 -100.518 -101.095 -100.781
-99.962 -99.862 -99.961 -99.569
-100.379 -101.065 -101.180 -100.927
-98.036 -98.395 -98.253 -97.538
-101.850 -100.426 -100.654 -100.247
-99.230 -100.957 -101.442 -101.165
-100.550 -100.749 -100.803 -100.651
-97.914 -98.799 -98.526 -98.213
-100.003 -101.410 -101.473 -100.813
-101.163 -101.734 -101.717 -101.676
-99.569 -99.997 -100.121 -99.952
-97.984 -99.123 -98.902 -98.849
-100.484 -100.761 -100.419 -100.143
-99.508 -100.205 -100.127 -99.855
-100.594 -101.324 -101.356 -100.834
-101.389 -100.575 -100.742 -100.411
-99.236 -102.662 -102.892 -102.871
-101.728 -100.516 -100.649 -100.352
-99.416 -101.154 -101.228 -100.962
-101.349 -100.331 -100.283 -100.098
-99.692 -100.827 -102.109 -102.123
-98.395 -101.440 -101.644 -101.427
-99.868 -101.253 -101.499 -100.933
-96.227 -97.018 -95.948 -95.800
-98.262 -100.667 -100.754 -100.289
-99.759 -100.856 -100.848 -100.497
-99.315 -100.755 -100.584 -100.299
-98.596 -99.979 -100.112 -100.028
-99.296 -100.407 -100.506 -100.370
-100.972 -101.189 -101.253 -100.948
-98.517 -99.447 -99.453 -99.332
-99.563 -101.204 -101.396 -101.144
-99.586 -100.280 -100.355 -99.888
-98.985 -100.732 -100.997 -100.909
-100.826 -101.553 -101.572 -101.081
-98.555 -100.006 -99.884 -99.876
-101.722 -99.862 -99.858 -99.749
-99.801 -101.312 -101.353 -100.939
-103.150 -103.303 -103.196 -103.146
-98.058 -98.940 -98.803 -98.627
-99.024 -101.890 -102.070 -101.857
-102.259 -100.409 -100.491 -100.464
-99.218 -101.374 -101.560 -101.269
-99.965 -101.018 -101.085 -100.846
-101.051 -102.073 -101.474 -101.212
-100.537 -100.356 -100.696 -100.370
-99.255 -99.581 -99.569 -99.496
-95.353 -98.433 -98.632 -98.106
-99.667 -100.311 -100.416 -100.133
-101.157 -102.561 -102.969 -102.709
-100.390 -100.749 -100.782 -100.488
-99.116 -99.546 -99.419 -99.255
-99.167 -102.232 -102.361 -102.105
-102.016 -101.996 -102.000 -101.753
-98.688 -100.744 -100.923 -100.539
-97.976 -98.164 -97.683 -97.719
-99.908 -101.322 -101.602 -101.156
-101.497 -101.826 -101.845 -101.610
-99.948 -101.038 -101.070 -100.666
-99.839 -100.667 -100.677 -100.318
-100.115 -100.899 -100.689 -100.387
-102.287 -101.409 -101.347 -101.205
-100.902 -101.533 -101.212 -100.894
-100.060 -100.607 -100.479 -100.096
-99.460 -99.804 -99.819 -99.302
-100.629 -100.837 -100.848 -100.467
-99.269 -100.409 -100.302 -100.187
-100.756 -100.707 -100.598 -100.363
-99.911 -100.292 -100.491 -100.108
-100.312 -100.468 -100.528 -100.266
-100.687 -99.329 -99.396 -99.152
-99.414 -100.009 -100.617 -100.422
-100.063 -100.341 -99.925 -99.718
-98.158 -100.335 -100.598 -100.173
-101.010 -100.496 -100.153 -100.050
-100.028 -99.964 -99.874 -99.748
-100.242 -100.299 -100.301 -100.169
-100.322 -101.176 -101.272 -100.817
-99.631 -100.943 -101.144 -101.029
-99.887 -101.407 -101.065 -100.922
-96.513 -98.982 -98.859 -98.360
-101.059 -101.494 -101.448 -100.967
-99.024 -100.516 -100.580 -100.395
-100.628 -101.815 -102.088 -101.554
-100.067 -101.760 -101.778 -101.553
-100.313 -101.082 -101.365 -101.215
-100.052 -100.228 -100.191 -99.806
-101.824 -99.511 -99.674 -99.380
-100.287 -100.531 -100.581 -100.198
-102.985 -101.194 -101.669 -101.283
-100.124 -100.293 -100.244 -99.742
-99.894 -99.998 -99.704 -99.443
-99.803 -100.163 -100.364 -99.859
-101.914 -99.467 -99.592 -99.380
-101.486 -101.843 -101.862 -101.249
-99.682 -99.889 -99.896 -99.736
-100.989 -100.887 -100.915 -100.698
-101.410 -101.436 -101.003 -100.615
-100.876 -100.959 -100.640 -100.229
-100.912 -101.163 -101.254 -101.005
-98.844 -102.265 -102.638 -102.578
-100.750 -100.787 -101.341 -101.198
-102.112 -101.040 -101.496 -101.174
-99.894 -100.216 -99.867 -99.640
-99.978 -99.993 -99.995 -99.884
-100.912 -102.724 -102.138 -101.913
-94.869 -99.844 -100.226 -100.006
-100.996 -101.692 -101.535 -101.103
-101.334 -101.589 -101.945 -101.471
-101.251 -101.785 -101.795 -101.536
-98.714 -98.842 -99.003 -98.864
-100.642 -101.468 -101.480 -101.226
-103.620 -101.257 -101.179 -100.772
-100.803 -100.865 -100.940 -100.669
-100.216 -100.816 -100.838 -100.433
-100.398 -100.252 -99.952 -99.966
-99.357 -100.977 -100.963 -100.651
-97.524 -101.427 -101.836 -101.605
-99.657 -100.174 -100.045 -99.662
-99.015 -100.759 -101.319 -101.046
-99.947 -101.160 -101.189 -100.929
-102.170 -101.820 -101.866 -101.285
-98.684 -100.791 -100.814 -100.485
-100.680 -101.247 -100.864 -100.604
-101.370 -102.275 -101.499 -101.153
-98.935 -99.737 -99.936 -99.721
-101.711 -100.345 -100.370 -100.168
-99.549 -100.344 -100.251 -100.026
-100.203 -100.080 -101.128 -100.835
-100.266 -102.126 -101.486 -101.147
-99.562 -100.806 -101.045 -100.879
-101.973 -100.790 -101.063 -100.558
-100.392 -101.972 -101.971 -101.401
-100.695 -101.360 -100.994 -100.600
-100.198 -101.480 -101.444 -101.268
-100.407 -102.117 -102.608 -101.792
-100.003 -100.869 -100.969 -100.866
-100.469 -101.587 -101.561 -100.978
-99.395 -100.872 -100.930 -100.822
-99.688 -99.980 -99.825 -99.490
-99.137 -100.157 -100.024 -99.929
-103.150 -103.303 -103.196 -103.146
-101.562 -101.663 -102.208 -101.621
-98.794 -101.504 -101.985 -101.809
-98.494 -99.285 -99.192 -98.706
-100.592 -101.901 -101.918 -101.667
-99.155 -100.327 -100.305 -100.221
-99.614 -101.442 -101.465 -100.852
-99.859 -101.968 -102.805 -102.695
-101.635 -102.599 -101.819 -101.511
-99.186 -101.448 -100.887 -101.058
-100.407 -100.362 -100.072 -99.912
-100.608 -101.081 -101.120 -100.943
-98.653 -100.775 -100.940 -100.628
-101.050 -102.573 -101.851 -101.526
-100.953 -101.863 -102.111 -101.898
-101.589 -102.213 -102.196 -101.821
-99.700 -101.291 -101.162 -100.752
-99.415 -100.642 -100.644 -100.241
-101.483 -98.357 -98.380 -97.995
-101.331 -101.579 -101.658 -101.384
-101.968 -101.161 -101.581 -101.150
-103.048 -100.740 -101.143 -100.716
-95.812 -99.037 -98.999 -98.547
-99.011 -100.533 -101.215 -100.579
-99.515 -102.204 -102.298 -102.028
-99.638 -100.341 -101.188 -100.749
-103.420 -100.393 -100.421 -100.284
-99.589 -101.451 -101.718 -101.650
-99.474 -101.093 -101.140 -100.903
-99.969 -101.012 -101.296 -100.966
-100.226 -101.124 -101.394 -101.210
-98.771 -99.983 -99.991 -99.743
-99.361 -99.897 -99.973 -99.426
-99.797 -100.313 -100.505 -99.831
-101.769 -100.927 -101.245 -100.869
-100.879 -101.489 -101.679 -101.224
-99.324 -100.875 -100.866 -100.388
-99.646 -100.547 -100.843 -100.725
-99.400 -99.108 -99.219 -99.071
-100.910 -102.507 -102.862 -102.797
-100.990 -100.660 -100.575 -100.247
-101.216 -101.846 -101.902 -101.861
-99.571 -101.214 -101.380 -101.265
-100.703 -101.005 -100.944 -100.695
-99.981 -100.607 -100.710 -100.682
-103.000 -100.625 -100.757 -100.657
-102.690 -102.757 -102.132 -101.889
-101.567 -99.777 -100.366 -100.211
-101.155 -101.382 -101.431 -101.055
-99.865 -100.775 -100.829 -100.786
-101.381 -101.581 -101.369 -101.161
-99.325 -99.832 -99.632 -99.539
-103.585 -99.408 -99.516 -99.338
-100.385 -101.907 -101.340 -101.101
-99.075 -101.143 -101.486 -101.350
-99.126 -100.534 -100.663 -100.337
-101.893 -100.960 -101.281 -101.082
-99.825 -100.155 -100.180 -99.982
-99.346 -100.135 -100.259 -99.838
-101.500 -102.091 -102.931 -102.655
-101.156 -101.941 -102.027 -101.823
-99.840 -100.601 -100.614 -100.365
-96.437 -99.083 -99.222 -99.079
-99.170 -100.564 -101.357 -101.236
-99.223 -100.792 -101.479 -101.121
-98.784 -101.111 -101.683 -101.393
-100.400 -101.199 -101.044 -100.665
-100.479 -101.600 -101.299 -100.923
-98.492 -97.859 -97.759 -97.158
-99.112 -100.698 -100.626 -100.568
-101.471 -101.342 -101.343 -101.119
-100.650 -100.694 -100.046 -99.656
-101.368 -101.398 -100.918 -100.632
-98.396 -101.324 -102.279 -102.044
-99.912 -100.133 -100.236 -100.125
-101.026 -100.916 -100.926 -100.690
-101.643 -101.585 -101.645 -101.422
-101.630 -101.697 -101.713 -101.500
-100.349 -100.484 -100.563 -100.270
-99.875 -100.201 -99.852 -99.624
-99.007 -102.009 -102.614 -102.393
-102.082 -101.872 -102.098 -101.863
-100.758 -100.819 -100.728 -100.680
-100.225 -101.584 -101.976 -101.274
-98.396 -101.229 -102.333 -102.111
-99.527 -99.578 -99.308 -98.936
-100.244 -100.548 -100.757 -100.488
-98.396 -98.510 -99.018 -98.651
-101.643 -101.629 -101.681 -101.493
-100.029 -100.188 -100.573 -100.446
-101.268 -101.409 -101.535 -101.300
-98.853 -98.900 -98.948 -98.844
-101.319 -101.353 -101.576 -101.224
-100.814 -100.984 -101.264 -100.886
-97.927 -98.806 -98.875 -98.759
-100.349 -100.564 -100.429 -100.359
-101.211 -101.703 -101.335 -100.994
-98.429 -100.177 -100.082 -99.862
-100.281 -101.790 -101.149 -100.964
-98.752 -100.413 -100.455 -100.014
-100.211 -100.698 -100.717 -100.405
-99.024 -100.865 -101.371 -100.894
-99.349 -101.752 -101.711 -101.566
-96.454 -100.079 -100.100 -99.862
-100.807 -101.583 -101.878 -101.505
-104.592 -99.984 -99.990 -99.782
-99.337 -99.701 -99.493 -99.229
-100.009 -99.982 -99.779 -99.417
-98.603 -100.272 -100.504 -100.398
-99.526 -100.560 -100.593 -100.281
-99.664 -100.351 -100.612 -100.573
-98.689 -100.535 -100.683 -100.378
-100.077 -100.809 -100.989 -100.681
-98.291 -100.551 -100.598 -100.276
-100.352 -99.693 -99.504 -99.458
-101.052 -101.505 -101.812 -101.368
-100.061 -101.330 -101.375 -100.773
-99.018 -100.106 -100.744 -100.193
-101.745 -100.060 -99.971 -99.739
-100.111 -100.914 -100.956 -100.660
-99.773 -100.576 -100.588 -100.443
-99.211 -100.809 -101.074 -100.841
-100.683 -101.095 -100.989 -100.576
-99.490 -100.209 -100.152 -99.861
-99.177 -100.394 -100.634 -100.531
-100.212 -101.708 -101.779 -101.516
-98.560 -101.122 -100.784 -100.804
-98.534 -99.594 -99.428 -99.306
-103.184 -100.955 -100.910 -100.364
-103.019 -99.669 -100.075 -99.463
-99.389 -101.034 -101.242 -100.826
-99.719 -100.235 -100.421 -100.205
-99.859 -101.968 -102.805 -102.695
-100.087 -102.481 -102.938 -102.875
-99.167 -102.232 -102.361 -102.105
-100.912 -102.724 -102.138 -101.913
-101.562 -101.663 -102.208 -101.621
-100.198 -101.480 -101.444 -101.268
-98.844 -102.265 -102.638 -102.578
-101.154 -102.500 -101.603 -101.400
-99.852 -100.733 -100.657 -100.270
-98.160 -99.319 -99.537 -99.365
-100.002 -100.425 -100.507 -100.368
-99.394 -100.043 -99.573 -99.373
-100.158 -102.294 -102.905 -102.836
-100.495 -102.266 -102.361 -101.907
-100.235 -101.633 -101.341 -101.157
-95.379 -100.128 -100.178 -100.058
-100.844 -101.711 -101.439 -101.323
-100.022 -101.536 -101.215 -101.053
-101.294 -102.512 -102.894 -102.829
-100.063 -101.547 -101.552 -101.341
-99.877 -101.335 -101.175 -100.809
-100.819 -101.249 -101.264 -100.646
-100.684 -101.495 -101.406 -100.671
-99.742 -101.693 -101.630 -101.057
-97.625 -99.598 -99.929 -99.553
-99.252 -100.072 -100.242 -99.899
-101.111 -101.461 -101.081 -100.730
-101.440 -102.185 -101.487 -101.142
-100.687 -101.797 -101.048 -100.874
-100.046 -100.731 -100.769 -100.467
-100.771 -101.245 -101.236 -100.921
-101.346 -102.200 -101.436 -101.092
-100.477 -100.771 -100.884 -100.424
-99.236 -99.869 -100.245 -99.898
-100.742 -101.893 -101.315 -101.083
-102.769 -102.741 -102.152 -101.923
-101.054 -98.729 -98.952 -98.729
-100.651 -101.667 -101.372 -101.035
-102.368 -100.542 -100.841 -100.744
-98.852 -100.750 -101.079 -100.674
-100.267 -101.878 -101.123 -100.942
-100.432 -101.317 -101.337 -101.279
-99.324 -102.720 -102.109 -101.824
-101.461 -101.756 -101.731 -101.577
-99.353 -100.659 -100.703 -100.492
-99.785 -101.147 -100.900 -100.547
-101.359 -102.719 -101.966 -101.644
-102.056 -100.495 -100.631 -100.539
-103.150 -103.350 -103.229 -103.195
-101.348 -102.195 -101.421 -101.082
-102.580 -100.333 -100.568 -100.196
-99.786 -102.290 -102.964 -102.694
-99.384 -100.973 -101.497 -100.996
-99.859 -100.448 -100.488 -100.130
-99.900 -100.716 -100.754 -100.464
-100.806 -100.998 -101.033 -100.627
-98.997 -99.276 -99.384 -98.952
-103.446 -98.266 -98.556 -98.286
-100.645 -100.778 -100.500 -100.227
-100.336 -102.042 -101.928 -101.827
-99.052 -99.535 -99.799 -99.478
-99.938 -100.725 -100.995 -100.649
-101.494 -102.542 -102.844 -102.794
-100.946 -102.019 -102.013 -101.306
-99.772 -100.029 -100.101 -99.721
-99.030 -101.051 -101.196 -100.826
-99.571 -99.799 -99.797 -99.553
-99.781 -100.998 -101.340 -100.811
-100.334 -101.333 -101.192 -100.813
-102.684 -97.869 -98.376 -98.054
-100.222 -100.918 -100.936 -100.865
-99.094 -100.979 -100.894 -100.578
-98.960 -101.210 -101.400 -100.819
-100.047 -100.573 -100.827 -100.390
-100.383 -101.517 -101.394 -101.069
-102.094 -101.157 -101.254 -100.917
-99.844 -100.593 -100.642 -100.286
-99.374 -100.347 -100.336 -100.064
-101.977 -99.369 -99.960 -99.532
-100.191 -98.840 -99.838 -99.533
-98.374 -101.738 -101.832 -101.751
-99.925 -100.095 -99.954 -99.379
-100.784 -101.226 -101.409 -101.206
-99.936 -101.602 -101.527 -101.451
-99.385 -101.803 -102.081 -101.843
-98.934 -100.481 -100.489 -100.099
-98.552 -99.571 -99.623 -99.504
-102.708 -99.990 -100.151 -99.807
-102.444 -99.232 -99.446 -99.246
-100.723 -100.772 -100.885 -100.519
-100.704 -100.683 -100.698 -100.267
-101.608 -101.648 -101.978 -101.482
-100.704 -100.728 -101.031 -100.598
-100.963 -100.912 -101.044 -100.540
-101.676 -101.630 -101.616 -101.381
-98.396 -101.411 -102.308 -102.060
-99.828 -101.017 -101.058 -100.959
-101.681 -101.609 -101.626 -101.385
-101.696 -101.784 -101.812 -101.551
-101.826 -101.843 -101.903 -101.582
-102.045 -101.869 -102.083 -101.863
-99.170 -100.829 -101.228 -101.028
-100.880 -100.680 -100.738 -100.755
-101.696 -101.815 -101.824 -101.561
-100.704 -102.707 -102.106 -101.904
-101.301 -101.357 -100.914 -100.612
-102.532 -102.483 -102.774 -102.714
-102.532 -102.529 -102.852 -102.799
-101.803 -101.635 -101.731 -101.464
-101.608 -101.645 -101.975 -101.485
-101.785 -101.633 -101.682 -101.415
-102.506 -102.533 -102.870 -102.810
-101.823 -101.869 -101.956 -101.650
-101.822 -101.882 -101.926 -101.596
-101.665 -101.663 -101.671 -101.414
-101.251 -101.495 -101.449 -101.445
-101.952 -99.953 -99.945 -99.694
-103.117 -101.396 -101.411 -101.138
-96.895 -100.977 -101.693 -101.216
-99.966 -100.157 -100.073 -99.662
-98.945 -101.239 -101.335 -101.311
-99.947 -101.005 -101.152 -101.016
-100.014 -100.433 -99.916 -99.884
-102.697 -99.819 -100.888 -100.275
-100.075 -101.074 -101.059 -100.638
-100.948 -101.688 -101.833 -101.359
-99.573 -99.831 -99.900 -99.491
-101.867 -99.610 -99.642 -99.366
-98.670 -101.033 -101.079 -100.925
-98.685 -99.985 -100.017 -99.722
-100.584 -101.826 -101.749 -101.599
-100.653 -99.064 -99.544 -99.413
-102.848 -100.861 -101.093 -100.876
-100.656 -101.361 -101.404 -101.197
-99.238 -101.687 -102.177 -101.915
-100.721 -101.207 -101.070 -100.654
-99.715 -101.132 -100.574 -100.375
-101.097 -99.637 -99.772 -99.672
-99.749 -101.152 -101.245 -100.700
-100.093 -100.488 -100.368 -99.977
-99.479 -99.908 -99.819 -99.812
-102.813 -100.257 -100.503 -100.217
-100.690 -102.004 -102.523 -102.283
-103.150 -103.350 -103.229 -103.195
-97.016 -100.245 -100.308 -100.299
-98.982 -100.407 -100.436 -100.244
-101.199 -101.499 -101.410 -101.040
-100.597 -102.513 -102.877 -102.624
-99.337 -100.239 -100.174 -100.061
-98.997 -100.930 -101.502 -101.072
-99.718 -99.896 -100.625 -100.597
-98.962 -101.995 -101.448 -101.178
-100.577 -100.767 -100.910 -100.641
-100.495 -102.266 -102.361 -101.907
-100.448 -101.232 -101.504 -100.877
-98.226 -99.686 -99.931 -99.557
-99.560 -100.794 -100.851 -100.538
-102.690 -102.757 -102.132 -101.889
-99.885 -100.437 -100.448 -100.222
-99.600 -100.110 -100.130 -100.022
-102.032 -103.321 -103.102 -103.097
-99.265 -99.696 -99.626 -99.405
-99.547 -101.092 -101.294 -101.153
-101.708 -101.700 -101.215 -100.980
-101.121 -100.351 -99.678 -99.512
-99.091 -100.443 -100.802 -100.309
-70.194 -97.530 -97.626 -97.117
-99.106 -99.452 -99.606 -99.336
-96.310 -97.959 -98.094 -97.516
-99.795 -101.573 -102.240 -102.022
-101.388 -101.984 -101.310 -100.979
-99.452 -100.282 -100.428 -100.332
-100.553 -101.466 -101.133 -100.808
-100.309 -101.264 -101.281 -100.997
-99.757 -100.011 -100.292 -100.179
-99.999 -100.330 -99.792 -99.615
-101.034 -101.456 -101.458 -100.913
-102.104 -102.775 -102.116 -101.796
-99.531 -101.038 -101.188 -100.766
-99.153 -101.056 -101.149 -100.866
-98.469 -101.547 -101.594 -101.183
-99.543 -100.996 -100.825 -100.455
-100.806 -101.013 -101.031 -100.744
-100.826 -101.390 -101.403 -100.894
-100.632 -101.228 -100.688 -100.449
-99.707 -102.163 -102.500 -102.238
-99.319 -101.323 -101.695 -101.185
-100.095 -101.281 -101.093 -100.765
-99.273 -100.044 -100.095 -99.632
-102.154 -102.779 -102.127 -101.868
-100.446 -101.691 -101.077 -100.867
-100.492 -101.221 -101.286 -100.811
-99.581 -101.462 -101.314 -101.029
-100.616 -102.364 -102.683 -102.423
-99.980 -101.272 -101.232 -100.661
-99.536 -100.361 -100.227 -99.929
-99.197 -100.395 -100.136 -99.705
-100.767 -101.547 -101.349 -101.005
-97.843 -100.354 -100.627 -100.318
-100.374 -100.982 -100.990 -100.056
-99.820 -101.221 -101.541 -101.278
-99.774 -101.150 -101.266 -100.831
-99.752 -100.303 -99.908 -99.546
-99.758 -101.389 -101.280 -101.020
-98.278 -101.332 -100.979 -100.773
-100.527 -101.075 -101.012 -100.944
-100.414 -101.787 -100.989 -100.748
-99.822 -100.925 -100.577 -100.248
-100.705 -101.029 -100.524 -100.315
-100.396 -100.426 -100.475 -100.356
-100.814 -101.057 -101.269 -100.713
-99.762 -101.394 -101.271 -100.840
-99.319 -100.647 -100.743 -100.432
-99.612 -101.335 -101.364 -100.923
-99.945 -99.730 -100.158 -100.043
-103.811 -99.987 -100.418 -100.388
-99.749 -99.840 -99.838 -99.469
-97.991 -101.229 -101.311 -100.945
-97.984 -100.414 -100.690 -100.246
-105.114 -99.777 -100.365 -100.326
-101.139 -101.255 -100.918 -100.762
-102.873 -100.696 -100.617 -100.354
-99.768 -100.279 -100.296 -100.097
-102.029 -99.734 -99.746 -99.136
-99.962 -100.546 -100.520 -100.133
-100.541 -101.740 -101.808 -101.600
-99.643 -100.741 -101.313 -100.900
-99.360 -99.913 -100.239 -100.043
-100.181 -100.765 -100.706 -100.510
-100.265 -101.604 -101.601 -101.485
-99.570 -100.523 -100.467 -100.210
-99.746 -101.347 -101.475 -100.933
-100.978 -101.256 -101.380 -100.846
-99.963 -101.366 -101.524 -101.261
-100.265 -100.854 -100.914 -100.712
-101.521 -101.839 -102.029 -101.557
-99.774 -100.343 -99.782 -99.374
-100.300 -101.404 -101.675 -101.315
-97.367 -101.269 -101.267 -100.165
-99.256 -101.328 -101.446 -101.076
-95.896 -100.485 -101.351 -100.867
-102.166 -99.835 -100.380 -100.348
-101.195 -101.364 -101.134 -100.818
-99.519 -99.658 -99.332 -99.016
-97.855 -97.949 -97.419 -97.155
-99.021 -100.685 -101.081 -100.811
-100.417 -100.996 -101.285 -101.061
-100.464 -100.945 -101.705 -101.529
-99.778 -100.914 -100.940 -100.620
-101.395 -101.800 -102.211 -101.915
-99.911 -100.185 -100.112 -99.909
-97.873 -101.858 -101.989 -101.800
-100.865 -100.875 -101.241 -100.935
-101.993 -102.046 -101.381 -101.103
-102.792 -102.765 -102.149 -101.904
-101.836 -101.816 -102.036 -101.895
-100.671 -102.104 -101.689 -101.275
-97.514 -100.058 -99.667 -99.398
-101.523 -101.561 -101.504 -101.101
-101.482 -101.309 -101.316 -101.088
-97.880 -98.294 -98.309 -98.337
-101.866 -101.868 -101.916 -101.583
-98.824 -102.122 -102.874 -102.619
-102.787 -102.787 -102.102 -101.829
-98.824 -102.100 -102.893 -102.647
-101.575 -101.531 -101.468 -101.238
-101.806 -101.628 -101.684 -101.419
-101.806 -101.617 -101.645 -101.374
-101.504 -101.638 -101.201 -100.818
-101.835 -101.863 -101.902 -101.559
-101.073 -101.099 -101.328 -100.857
-101.482 -101.330 -101.338 -101.114
-101.882 -101.874 -101.916 -101.587
-102.384 -102.499 -103.007 -102.699
-101.446 -101.474 -101.473 -101.411
-102.931 -100.100 -99.981 -99.804
-98.592 -101.310 -101.696 -101.420
-100.117 -100.920 -100.969 -100.306
-103.677 -99.217 -99.434 -99.243
-100.266 -100.968 -101.071 -100.844
-98.003 -101.460 -101.491 -101.328
-100.594 -101.301 -101.338 -101.036
-98.453 -100.112 -100.125 -99.810
-99.517 -101.347 -101.836 -101.438
-99.534 -101.100 -101.218 -100.951
-99.294 -100.013 -100.812 -100.670
-99.839 -99.967 -100.193 -100.064
-101.199 -101.813 -101.675 -101.012
-100.314 -99.333 -99.220 -99.057
-100.475 -101.526 -101.555 -101.099
-101.210 -101.823 -101.780 -101.323
-100.053 -100.536 -100.442 -99.923
-99.386 -99.438 -99.558 -99.127
-101.455 -102.251 -102.582 -102.502
-99.310 -99.980 -99.641 -99.566
-99.960 -101.183 -101.326 -100.844
-99.406 -99.862 -99.911 -99.770
-99.816 -100.678 -100.943 -100.735
-98.782 -99.597 -99.706 -99.519
-102.032 -103.321 -103.102 -103.097
-98.396 -101.411 -102.308 -102.060
-101.358 -103.346 -103.145 -103.141
-100.758 -101.672 -101.716 -101.424
-101.765 -102.029 -102.021 -101.460
-98.193 -101.091 -101.676 -100.984
-100.530 -101.630 -101.486 -101.354
-99.992 -100.421 -100.244 -100.074
-99.238 -101.687 -102.177 -101.915
-97.706 -101.795 -102.218 -101.953
-101.412 -101.543 -101.768 -101.558
-98.392 -101.982 -101.863 -101.783
-100.605 -101.298 -101.371 -101.134
-100.199 -101.858 -101.882 -101.606
-99.153 -101.554 -102.765 -102.518
-99.526 -100.540 -100.843 -100.424
-99.666 -101.568 -101.554 -101.542
-100.415 -101.028 -101.672 -101.464
-100.704 -102.707 -102.106 -101.904
-101.823 -101.869 -101.956 -101.650
-102.506 -102.533 -102.870 -102.810
-99.786 -102.290 -102.964 -102.694
-100.194 -101.151 -101.598 -101.336
-100.616 -102.364 -102.683 -102.423
-99.707 -102.163 -102.500 -102.238
-100.336 -102.042 -101.928 -101.827
-102.104 -102.775 -102.116 -101.796
-101.309 -101.702 -102.263 -101.768
-99.034 -101.016 -101.879 -101.714
-101.119 -102.181 -102.675 -101.894
-98.647 -100.006 -100.379 -99.933
-99.582 -102.412 -102.999 -102.690
-99.811 -100.865 -100.892 -100.541
-99.097 -100.729 -100.418 -100.292
-99.799 -100.127 -100.136 -99.938
-98.895 -100.803 -100.871 -100.550
-100.493 -101.806 -101.828 -101.300
-101.182 -101.702 -101.807 -101.238
-99.166 -100.098 -100.643 -100.494
-99.769 -101.598 -101.643 -101.243
-100.354 -101.190 -101.176 -100.757
-100.391 -100.855 -100.904 -100.628
-101.119 -101.901 -101.904 -101.642
-100.976 -101.844 -101.845 -101.315
-100.273 -100.883 -100.908 -100.544
-100.850 -101.779 -101.059 -100.823
-100.644 -101.214 -101.271 -100.948
-99.907 -101.122 -100.997 -100.808
-98.055 -99.479 -99.437 -99.179
-101.333 -100.346 -100.173 -100.032
-100.152 -100.385 -100.410 -100.227
-100.493 -101.262 -101.303 -101.046
-100.394 -101.566 -101.429 -101.155
-101.676 -103.380 -103.232 -103.201
-100.312 -100.789 -100.848 -100.274
-101.573 -102.235 -101.364 -101.110
-98.906 -101.030 -101.137 -100.945
-101.842 -103.329 -103.236 -103.198
-100.530 -103.212 -103.228 -103.201
-100.495 -101.239 -101.232 -100.797
-100.650 -101.318 -100.971 -100.735
-98.644 -101.762 -102.055 -101.839
-100.099 -100.369 -99.962 -99.703
-100.180 -101.270 -101.318 -101.010
-100.049 -101.301 -101.200 -100.704
-101.204 -101.865 -101.836 -101.372
-100.399 -100.956 -101.161 -100.737
-100.998 -103.385 -103.194 -103.174
-100.327 -100.570 -100.671 -100.033
-10.455 -99.531 -100.543 -100.190
-100.208 -101.088 -101.150 -100.877
-100.197 -100.756 -100.517 -100.261
-100.934 -101.342 -101.364 -101.085
-100.939 -101.976 -102.010 -101.762
-101.099 -103.331 -103.207 -103.188
-100.281 -100.508 -100.570 -99.814
-100.619 -101.717 -101.913 -101.740
-100.040 -100.491 -100.707 -100.597
-100.136 -100.951 -100.970 -100.179
-100.183 -101.303 -101.754 -101.561
-97.451 -100.432 -100.973 -100.553
-103.059 -103.313 -103.099 -103.103
-100.976 -101.342 -101.359 -101.111
-97.369 -100.550 -100.780 -100.650
-100.310 -100.892 -100.901 -100.397
-99.894 -101.065 -101.151 -100.774
-100.367 -101.004 -101.320 -100.982
-102.034 -101.102 -101.035 -100.654
-100.836 -100.280 -100.310 -100.200
-101.662 -101.862 -101.972 -101.769
-100.094 -101.226 -101.248 -100.910
-100.107 -100.727 -100.644 -100.265
-100.481 -101.490 -101.904 -101.697
-99.679 -102.383 -102.787 -102.724
-101.047 -102.677 -101.909 -101.586
-98.891 -100.101 -100.124 -99.847
-102.072 -99.907 -99.566 -99.396
-101.245 -100.372 -99.951 -99.897
-101.126 -101.280 -101.353 -101.063
-100.214 -100.513 -100.495 -100.277
-97.489 -100.623 -100.846 -100.672
-99.989 -101.572 -101.599 -101.309
-99.637 -100.721 -100.595 -100.499
-103.623 -101.500 -101.624 -101.017
-100.337 -100.949 -100.945 -100.706
-99.704 -100.236 -100.674 -100.241
-102.979 -100.001 -100.268 -100.075
-100.304 -101.067 -101.127 -100.646
-99.237 -100.838 -101.123 -100.975
-99.603 -99.814 -99.810 -99.702
-101.553 -101.430 -101.544 -101.459
-101.891 -101.863 -101.998 -101.729
-101.496 -101.316 -101.333 -101.101
-101.009 -101.470 -101.479 -101.350
-100.675 -102.648 -102.655 -102.115
-100.689 -100.825 -100.855 -100.478
-98.131 -98.534 -98.431 -98.228
-100.848 -101.300 -102.513 -102.336
-100.758 -100.698 -100.712 -100.523
-100.689 -100.783 -100.807 -100.418
-101.883 -101.862 -101.974 -101.692
-101.891 -101.860 -101.981 -101.713
-98.756 -98.764 -98.639 -98.374
-100.712 -100.866 -101.248 -101.036
-101.880 -102.007 -101.525 -101.102
-100.279 -100.683 -100.911 -100.720
-100.707 -101.250 -101.416 -101.079
-100.679 -101.707 -102.863 -102.609
-101.877 -101.869 -101.967 -101.659
-100.868 -100.816 -100.932 -100.573
-98.891 -99.028 -99.168 -98.952
-100.832 -100.873 -100.759 -100.398
-101.821 -101.881 -101.905 -101.570
-99.668 -99.762 -99.885 -99.743
-100.689 -100.646 -100.656 -100.252
-100.333 -99.591 -99.487 -98.745
-100.257 -101.114 -101.082 -100.975
-99.769 -100.005 -99.795 -99.643
-100.266 -101.440 -101.459 -101.271
-100.798 -102.183 -101.453 -101.075
-99.320 -100.193 -100.042 -99.930
-100.695 -101.843 -101.889 -101.691
-100.227 -101.351 -101.212 -100.687
-99.310 -100.859 -101.001 -100.893
-100.750 -100.196 -99.852 -99.624
-100.911 -101.511 -101.551 -101.101
-101.009 -100.372 -100.863 -100.225
-99.772 -100.397 -100.422 -100.288
-99.798 -100.389 -100.791 -100.676
-100.645 -100.495 -100.831 -100.772
-101.501 -99.022 -99.089 -98.978
-100.280 -101.321 -101.381 -101.194
-98.147 -101.292 -100.608 -100.479
-99.059 -100.721 -100.493 -100.394
-99.119 -100.788 -100.674 -100.665
-100.685 -101.046 -100.728 -100.606
-100.511 -100.933 -100.935 -100.607
-99.956 -100.465 -100.638 -100.508
-100.602 -102.292 -102.700 -102.449
-98.866 -100.669 -100.756 -100.491
-103.687 -100.285 -101.683 -101.411
-98.454 -100.070 -99.988 -99.888
-103.283 -100.976 -100.724 -100.669
-98.919 -100.152 -100.390 -100.279
-98.789 -100.083 -100.749 -100.489
-98.484 -100.235 -100.325 -100.010
-96.917 -100.808 -101.243 -100.993
-99.387 -101.379 -101.251 -101.064
-100.685 -101.783 -101.973 -101.633
-98.201 -101.195 -101.043 -100.888
-99.791 -99.966 -100.008 -99.581
-101.360 -102.349 -102.966 -102.884
-101.676 -103.380 -103.232 -103.201
-101.395 -101.800 -102.211 -101.915
-99.690 -100.187 -100.278 -100.032
-98.644 -101.762 -102.055 -101.839
-101.309 -101.702 -102.263 -101.768
-99.034 -101.016 -101.879 -101.714
-101.882 -101.874 -101.916 -101.587
-100.605 -101.298 -101.371 -101.134
-97.800 -100.118 -100.425 -100.285
-101.119 -102.181 -102.675 -101.894
-101.119 -101.901 -101.904 -101.642
-101.765 -102.029 -102.021 -101.460
-100.978 -101.256 -101.380 -100.846
-98.824 -102.100 -102.893 -102.647
-99.153 -101.554 -102.765 -102.518
-97.706 -101.795 -102.218 -101.953
-100.464 -100.945 -101.705 -101.529
-98.592 -101.310 -101.696 -101.420
-100.394 -101.566 -101.429 -101.155
-100.814 -101.057 -101.269 -100.713
-100.181 -100.765 -100.706 -100.510
-98.309 -100.861 -100.911 -100.527
-99.135 -101.572 -101.976 -101.797
-99.566 -100.796 -100.884 -100.547
-99.628 -100.809 -101.137 -100.857
-100.842 -100.826 -100.743 -100.655
-102.500 -102.571 -102.893 -102.618
-99.511 -101.092 -101.492 -101.424
-99.058 -100.934 -100.963 -100.634
-99.413 -100.767 -100.793 -100.675
-98.681 -100.307 -100.394 -100.252
-99.329 -100.807 -101.183 -101.076
-100.513 -102.204 -101.460 -101.116
-100.166 -100.248 -100.148 -99.828
-100.805 -101.418 -101.322 -101.108
-101.840 -102.772 -102.050 -101.753
-102.619 -102.671 -101.909 -101.576
-100.918 -101.204 -100.677 -100.421
-99.718 -102.099 -101.565 -101.295
-100.758 -101.166 -101.059 -100.515
-98.231 -99.696 -99.881 -99.635
-99.644 -100.729 -100.220 -99.945
-99.484 -101.532 -101.720 -101.463
-101.361 -101.846 -101.238 -101.014
-100.985 -102.123 -101.547 -101.214
-100.446 -100.351 -100.657 -99.871
-100.014 -100.659 -100.265 -100.119
-99.908 -101.120 -101.168 -101.076
-100.775 -101.952 -101.134 -100.939
-100.450 -101.137 -101.026 -100.574
-102.616 -103.324 -103.095 -103.093
-99.778 -101.024 -101.088 -100.928
-100.512 -101.067 -101.083 -100.818
-98.657 -100.800 -101.395 -101.139
-100.571 -102.617 -101.886 -101.555
-99.745 -100.626 -100.674 -100.477
-100.646 -101.434 -101.440 -101.234
-100.500 -100.200 -100.236 -99.722
-98.874 -102.060 -101.581 -101.307
-99.384 -100.720 -100.779 -100.322
-99.129 -101.357 -101.459 -101.429
-99.994 -100.841 -100.881 -100.693
-102.117 -102.771 -102.032 -101.709
-100.221 -101.206 -101.178 -100.642
-99.880 -100.228 -100.257 -99.998
-100.549 -101.335 -101.299 -101.032
-101.453 -101.782 -101.391 -101.191
-100.369 -102.130 -101.505 -101.167
-100.822 -101.266 -100.964 -100.575
-100.828 -101.714 -101.728 -101.226
-100.895 -101.228 -101.104 -100.760
-101.643 -102.762 -102.133 -101.861
-102.383 -102.516 -102.132 -101.806
-100.034 -101.260 -100.994 -100.614
-100.022 -100.496 -100.510 -100.200
-100.840 -101.533 -101.162 -100.935
-100.924 -102.177 -101.553 -101.265
-101.793 -102.784 -102.092 -101.786
-100.713 -101.771 -101.135 -100.965
-100.282 -101.408 -101.556 -101.086
-99.620 -100.948 -100.863 -100.627
-100.808 -101.868 -101.888 -101.609
-99.305 -100.601 -100.749 -100.359
-100.634 -101.868 -101.924 -101.658
-101.283 -102.169 -101.533 -101.186
-100.304 -100.986 -100.980 -100.612
-100.226 -101.158 -101.051 -100.560
-99.124 -100.776 -100.716 -100.430
-100.980 -102.042 -101.342 -101.189
-99.387 -100.259 -100.694 -100.231
-102.088 -99.557 -99.671 -99.405
-101.572 -101.747 -101.762 -101.517
-99.378 -100.329 -100.405 -100.342
-99.890 -102.055 -101.418 -101.183
-100.788 -101.139 -100.700 -100.455
-100.066 -100.354 -99.987 -99.661
-98.717 -100.713 -101.302 -100.889
-100.100 -101.243 -101.219 -101.160
-100.427 -102.141 -101.493 -101.262
-100.456 -101.810 -101.872 -101.317
-101.558 -102.148 -101.467 -101.144
-99.030 -99.489 -99.669 -99.573
-101.257 -102.112 -101.457 -101.115
-99.932 -100.621 -100.749 -100.266
-99.457 -100.392 -100.469 -100.319
-100.215 -101.183 -101.279 -100.791
-100.522 -101.349 -101.220 -100.722
-100.428 -101.524 -101.085 -100.875
-100.358 -103.361 -103.201 -103.182
-100.765 -101.167 -100.737 -100.421
-98.103 -100.812 -100.828 -100.678
-101.157 -101.539 -101.324 -101.033
-99.892 -101.187 -100.828 -100.546
-99.448 -100.466 -100.539 -100.194
-100.231 -100.861 -100.644 -100.389
-98.849 -101.294 -101.153 -101.015
-101.130 -101.778 -101.791 -101.544
-101.024 -101.993 -101.414 -101.000
-100.223 -101.358 -101.466 -101.292
-99.715 -100.863 -100.344 -100.621
-103.150 -103.360 -103.235 -103.200
-100.415 -100.921 -100.662 -100.600
-103.879 -99.994 -99.777 -99.545
-102.118 -102.725 -102.086 -101.842
-101.873 -100.070 -100.024 -99.967
-102.363 -100.038 -100.132 -99.587
-100.369 -100.932 -101.214 -100.709
-99.333 -99.916 -100.298 -100.214
-100.459 -100.904 -100.932 -100.515
-99.428 -101.042 -101.230 -101.109
-100.996 -101.145 -101.109 -100.890
-99.515 -101.453 -101.837 -101.313
-100.038 -101.600 -101.588 -101.454
-100.158 -101.202 -101.321 -101.043
-99.885 -100.514 -100.500 -100.141
-99.473 -100.722 -100.184 -99.931
-100.280 -101.147 -101.097 -100.805
-101.348 -102.257 -101.497 -101.161
-100.528 -101.388 -101.862 -101.686
-100.555 -101.930 -102.054 -101.847
-101.785 -102.527 -102.861 -102.806
-100.423 -100.339 -100.415 -100.358
-103.186 -99.678 -100.132 -99.866
-99.510 -101.007 -100.996 -100.988
-101.139 -101.329 -101.288 -100.778
-102.783 -100.625 -100.642 -100.333
-101.124 -100.521 -100.769 -100.314
-99.471 -100.975 -101.084 -100.660
-100.853 -101.305 -101.052 -100.749
-101.359 -100.973 -101.461 -101.148
-101.901 -100.830 -100.923 -100.630
-98.754 -100.071 -100.086 -99.730
-99.412 -100.328 -100.141 -99.573
-92.917 -98.283 -98.433 -98.115
-100.417 -100.215 -100.230 -100.025
-102.245 -102.228 -102.226 -101.902
-99.909 -100.990 -100.939 -100.642
-95.059 -95.576 -95.304 -94.901
-100.624 -101.123 -100.806 -100.471
-101.919 -101.583 -101.621 -101.446
-100.941 -101.633 -101.194 -100.829
-99.864 -100.207 -99.845 -99.614
-102.062 -102.196 -101.568 -101.345
-99.936 -101.905 -102.019 -101.675
-99.090 -100.778 -101.207 -101.003
-98.852 -98.889 -99.401 -99.221
-99.856 -100.290 -100.337 -100.180
-100.695 -100.778 -100.163 -99.641
-100.786 -100.763 -101.212 -100.918
-100.073 -101.144 -101.352 -101.099
-101.873 -101.870 -101.953 -101.637
-102.256 -102.048 -102.054 -101.829
-100.695 -100.765 -100.123 -99.640
-100.457 -100.798 -100.820 -100.561
-98.898 -102.296 -102.495 -102.442
-99.314 -100.358 -100.404 -100.253
-100.548 -100.505 -100.812 -100.601
-101.741 -101.740 -101.961 -101.852
-99.288 -99.680 -100.131 -99.810
-99.852 -99.938 -99.949 -99.771
-101.940 -102.079 -102.051 -101.560
-98.898 -98.944 -99.083 -98.810
-98.798 -100.623 -100.892 -100.633
-31.440 -98.556 -98.417 -98.254
-100.675 -101.761 -101.405 -101.227
-99.638 -101.370 -101.308 -101.007
-99.497 -100.780 -100.764 -100.427
-100.312 -100.471 -100.555 -100.088
-99.913 -101.262 -101.301 -101.067
-100.022 -100.683 -100.716 -100.558
-99.415 -102.028 -101.929 -101.798
-104.631 -98.591 -98.866 -98.691
-98.739 -100.415 -100.706 -100.396
-101.199 -100.874 -100.574 -100.474
-100.237 -101.794 -101.874 -101.615
-99.542 -100.223 -100.239 -99.835
-103.782 -98.820 -98.437 -98.092
-100.144 -100.806 -100.774 -100.430
-99.948 -100.663 -100.755 -100.318
-98.301 -100.705 -100.795 -100.694
-99.413 -99.461 -99.413 -99.218
-101.785 -101.391 -101.462 -101.210
-99.063 -101.136 -101.055 -100.657
-99.749 -102.670 -102.162 -101.909
-102.201 -99.875 -100.169 -100.027
-99.514 -100.812 -100.837 -100.580
-98.337 -99.211 -99.546 -99.314
-100.869 -102.173 -101.638 -101.251
-100.409 -100.029 -100.104 -99.746
-99.412 -101.157 -101.024 -100.871
-100.052 -101.485 -102.006 -101.802
-99.962 -100.834 -100.669 -100.118
-99.706 -100.035 -100.044 -99.838
-99.970 -101.468 -101.204 -100.999
-98.203 -100.843 -100.893 -100.539
-100.475 -101.352 -101.265 -101.028
-101.295 -101.725 -100.995 -100.692
-100.378 -101.134 -101.365 -101.118
-100.358 -103.361 -103.201 -103.182
-100.675 -102.648 -102.655 -102.115
-102.383 -102.516 -102.132 -101.806
-100.939 -101.976 -102.010 -101.762
-101.840 -102.772 -102.050 -101.753
-100.187 -101.542 -101.576 -101.256
-101.891 -101.860 -101.981 -101.713
-96.679 -100.737 -100.647 -100.570
-99.248 -99.974 -100.198 -99.953
-98.995 -100.465 -100.952 -100.679
-99.744 -101.454 -100.775 -100.574
-100.102 -101.027 -100.586 -100.319
-98.754 -100.723 -100.070 -99.939
-98.120 -99.875 -100.543 -100.336
-100.914 -101.551 -101.564 -101.361
-99.231 -100.913 -101.379 -101.214
-100.706 -100.104 -100.466 -100.293
-100.722 -101.764 -101.716 -101.660
-99.572 -100.053 -99.424 -99.050
-101.000 -101.578 -101.671 -101.132
-100.313 -101.244 -100.937 -100.740
-101.218 -101.724 -101.753 -101.139
-99.506 -99.813 -100.037 -99.927
-98.645 -98.228 -98.834 -98.738
-93.131 -99.969 -100.560 -100.126
-100.613 -101.139 -101.278 -100.815
-100.380 -101.186 -101.257 -100.687
-100.750 -101.097 -101.112 -100.733
-101.667 -102.223 -101.425 -101.067
-100.612 -101.611 -101.357 -101.052
-100.307 -102.480 -101.938 -101.623
-98.733 -100.549 -100.668 -100.488
-100.698 -101.468 -100.994 -100.678
-100.144 -100.181 -100.523 -99.632
-99.341 -100.885 -101.248 -101.097
-100.405 -101.588 -101.683 -101.402
-101.182 -102.680 -102.121 -101.902
-98.049 -101.939 -102.030 -101.811
-100.063 -101.115 -101.394 -101.070
-100.457 -102.224 -101.543 -101.265
-101.271 -101.725 -101.191 -100.824
-101.510 -101.845 -101.867 -101.292
-99.633 -99.879 -99.822 -99.688
-101.213 -101.618 -101.198 -100.953
-100.944 -101.867 -101.225 -101.057
-100.310 -101.162 -101.040 -100.410
-101.975 -102.778 -102.143 -101.887
-101.530 -102.101 -101.492 -101.227
-100.674 -101.463 -101.072 -100.841
-100.229 -101.070 -101.109 -100.891
-100.250 -101.272 -101.434 -101.139
-100.874 -101.727 -101.149 -100.925
-100.156 -101.222 -101.235 -100.993
-100.842 -101.145 -101.162 -100.797
-100.724 -101.567 -101.604 -101.343
-101.294 -101.731 -101.750 -101.148
-102.351 -102.742 -101.986 -101.659
-101.035 -101.591 -101.264 -101.015
-100.631 -101.578 -101.363 -101.033
-100.113 -100.507 -99.854 -99.707
-100.804 -101.322 -101.306 -100.949
-100.275 -101.044 -100.883 -100.575
-100.615 -101.251 -101.380 -101.099
-100.652 -102.123 -101.518 -101.244
-100.387 -101.504 -101.224 -100.937
-101.061 -101.920 -101.337 -101.099
-100.207 -101.404 -101.525 -100.841
-100.044 -100.107 -99.649 -99.365
-100.984 -101.313 -101.025 -100.607
-99.938 -100.603 -100.747 -100.260
-99.412 -101.263 -100.940 -100.707
-100.843 -101.561 -101.117 -100.766
-100.577 -101.058 -101.164 -100.738
-99.738 -100.903 -101.158 -100.877
-101.886 -101.897 -101.841 -101.438
-101.923 -102.784 -102.085 -101.772
-100.751 -102.125 -101.552 -101.245
-99.871 -100.153 -100.624 -100.135
-100.965 -101.491 -101.125 -100.812
-100.508 -101.581 -101.686 -101.131
-100.208 -100.824 -100.909 -100.376
-101.107 -101.395 -101.196 -100.853
-101.397 -101.902 -101.064 -100.835
-101.031 -101.224 -100.921 -100.550
-99.822 -100.979 -100.906 -100.567
-101.234 -101.816 -101.823 -101.756
-99.604 -100.417 -100.616 -100.365
-101.490 -100.962 -101.183 -100.369
-92.886 -101.660 -102.534 -102.160
-100.141 -100.492 -100.375 -100.182
-100.313 -100.935 -100.602 -100.228
-100.786 -101.443 -100.912 -100.676
-100.096 -100.544 -100.187 -99.929
-99.980 -102.167 -101.555 -101.336
-100.450 -100.901 -100.918 -100.840
-100.332 -101.110 -101.084 -100.634
-99.954 -100.494 -100.514 -100.332
-101.271 -99.487 -99.476 -99.228
-99.700 -102.007 -102.080 -101.727
-100.717 -101.477 -101.484 -101.211
-101.355 -101.759 -101.202 -100.895
-102.564 -103.301 -103.076 -103.078
-99.210 -100.201 -100.232 -99.957
-100.005 -100.920 -100.907 -100.542
-99.837 -100.151 -100.786 -100.589
-102.965 -100.355 -100.390 -99.977
-99.335 -100.199 -100.241 -100.138
-99.987 -100.807 -100.880 -100.592
-100.840 -100.989 -100.983 -100.764
-101.401 -101.600 -101.277 -100.937
-98.660 -101.301 -101.144 -100.925
-99.564 -100.515 -101.099 -100.663
-99.416 -100.205 -100.100 -99.942
-102.443 -100.082 -99.529 -99.395
-98.773 -99.462 -99.542 -99.203
-100.367 -100.248 -100.427 -100.307
-99.350 -100.496 -100.569 -99.910
-99.748 -100.659 -100.632 -100.521
-101.332 -101.577 -100.970 -100.646
-100.314 -101.022 -101.221 -100.540
-94.021 -100.044 -100.027 -99.887
-98.869 -100.217 -100.131 -99.998
-100.304 -101.412 -101.918 -101.736
-100.456 -100.560 -100.578 -100.329
-100.601 -100.726 -100.747 -100.687
-100.360 -100.466 -100.527 -100.282
-101.693 -101.712 -101.103 -100.764
-101.204 -101.261 -101.135 -100.790
-98.873 -102.082 -102.515 -102.297
-100.460 -100.622 -100.578 -100.480
-100.601 -100.513 -100.818 -100.620
-101.691 -101.697 -101.633 -101.498
-101.172 -101.663 -101.640 -101.134
-101.527 -101.838 -101.852 -101.255
-100.952 -100.980 -100.633 -100.231
-101.097 -101.182 -101.260 -100.937
-99.661 -99.795 -99.873 -99.747
-99.932 -100.141 -100.247 -100.175
-101.114 -101.103 -101.214 -101.036
-101.374 -101.745 -101.772 -101.512
-101.114 -101.094 -101.207 -101.035
-98.819 -98.906 -98.972 -98.850
-101.374 -101.733 -101.770 -101.500
-99.914 -100.206 -100.827 -100.528
-102.255 -101.992 -101.998 -101.759
-101.690 -101.578 -101.619 -101.364
-101.097 -101.395 -101.448 -101.084
-102.506 -102.541 -103.078 -102.781
-99.914 -100.181 -100.826 -100.541
-100.870 -101.552 -101.156 -100.742
-100.554 -100.660 -100.615 -100.385
-101.043 -102.626 -101.878 -101.540
-101.580 -99.479 -99.820 -99.622
-98.852 -99.224 -98.977 -98.958
-101.013 -99.053 -99.235 -99.100
-103.758 -99.063 -99.377 -99.240
-99.565 -100.886 -101.053 -100.683
-99.786 -100.787 -100.866 -100.603
-100.702 -103.202 -103.225 -103.206
-99.202 -100.558 -100.640 -100.348
-99.866 -101.648 -101.854 -101.480
-100.038 -100.586 -100.617 -100.279
-99.717 -99.733 -99.573 -99.190
-99.683 -100.515 -100.533 -100.448
-99.645 -101.687 -101.686 -101.352
-98.652 -100.386 -99.854 -99.412
-102.953 -99.497 -99.683 -99.405
-58.418 -100.190 -100.686 -100.544
-100.701 -101.231 -101.287 -101.004
-101.040 -100.911 -100.922 -100.686
-100.361 -101.129 -101.202 -100.908
-100.499 -100.812 -101.006 -100.904
-101.295 -100.304 -100.195 -100.146
-98.121 -99.870 -100.006 -99.805
-99.395 -101.054 -100.952 -100.702
-99.218 -100.275 -100.451 -100.384
-101.833 -100.207 -100.127 -99.963
-100.657 -102.028 -101.165 -100.952
-100.898 -101.105 -100.826 -100.641
-99.788 -100.983 -101.095 -100.887
-100.979 -100.289 -100.235 -99.729
-100.278 -100.876 -101.275 -100.992
-97.591 -100.174 -100.091 -99.814
-99.935 -100.844 -100.872 -100.539
-98.814 -99.153 -99.038 -98.910
-101.162 -101.687 -101.628 -101.481
-100.520 -101.757 -101.730 -101.614
-99.559 -100.855 -100.774 -100.465
-100.753 -100.882 -100.927 -100.533
-99.167 -100.684 -101.130 -100.880
-99.175 -100.116 -99.908 -99.826
-89.166 -98.182 -98.863 -98.377
-101.785 -102.527 -102.861 -102.806
-99.681 -101.991 -102.024 -101.479
-102.245 -102.228 -102.226 -101.902
-101.741 -101.740 -101.961 -101.852
-102.118 -102.725 -102.086 -101.842
-101.873 -101.870 -101.953 -101.637
-100.038 -101.600 -101.588 -101.454
-98.898 -102.296 -102.495 -102.442
-102.256 -102.048 -102.054 -101.829
-99.936 -101.905 -102.019 -101.675
-101.919 -101.583 -101.621 -101.446
-98.869 -100.865 -101.167 -100.915
-100.869 -102.173 -101.638 -101.251
-100.528 -101.388 -101.862 -101.686
-100.227 -101.214 -100.812 -100.821
-100.405 -101.588 -101.683 -101.402
-100.040 -100.455 -100.645 -100.497
-100.941 -101.633 -101.194 -100.829
-100.613 -101.139 -101.278 -100.815
-99.948 -100.663 -100.755 -100.318
-100.272 -101.009 -101.023 -100.778
-100.249 -101.243 -101.273 -100.881
-102.351 -102.742 -101.986 -101.659
-102.062 -102.196 -101.568 -101.345
-101.035 -101.591 -101.264 -101.015
-100.849 -101.709 -101.645 -101.508
-97.737 -101.866 -102.001 -101.808
-99.870 -100.088 -100.133 -99.962
-100.108 -101.059 -100.789 -100.486
-97.638 -100.068 -99.005 -98.600
-100.202 -101.307 -101.003 -100.760
-100.755 -101.379 -101.153 -100.739
-102.088 -102.763 -102.052 -101.716
-99.849 -100.630 -100.647 -100.448
-101.221 -101.836 -101.782 -101.283
-100.389 -100.622 -100.326 -99.917
-100.541 -100.832 -100.821 -100.489
-98.987 -99.756 -99.653 -99.341
-99.445 -100.709 -100.820 -100.126
-100.524 -101.000 -100.959 -100.610
-101.464 -101.845 -101.806 -101.334
-100.478 -101.509 -101.692 -101.377
-100.973 -101.182 -100.760 -100.454
-101.087 -101.505 -101.123 -100.887
-100.093 -101.618 -101.734 -101.156
-101.038 -101.711 -101.802 -101.207
-100.940 -101.805 -101.816 -101.544
-101.445 -101.835 -101.477 -101.268
-101.076 -101.721 -101.758 -101.197
-100.417 -101.259 -101.247 -100.726
-100.615 -101.342 -101.296 -100.863
-98.153 -100.480 -100.639 -100.191
-101.405 -102.751 -102.008 -101.692
-100.542 -101.825 -101.168 -100.890
-99.518 -100.943 -100.704 -100.439
-100.121 -102.113 -102.301 -102.225
-100.567 -101.829 -101.870 -101.198
-101.701 -102.712 -101.914 -101.612
-100.631 -101.856 -101.270 -101.063
-100.980 -101.804 -101.197 -100.959
-99.540 -100.838 -101.281 -101.041
-100.361 -101.783 -101.700 -101.671
-101.145 -101.546 -101.397 -101.087
-98.669 -100.364 -100.725 -100.332
-101.244 -101.670 -101.426 -101.124
-101.284 -102.111 -101.529 -101.254
-101.131 -101.968 -101.413 -100.982
-100.000 -101.637 -101.432 -101.131
-99.863 -100.308 -100.311 -100.201
-100.228 -101.083 -100.987 -100.910
-101.961 -102.790 -102.098 -101.835
-100.222 -100.406 -100.576 -100.251
-100.592 -101.457 -101.744 -101.452
-99.400 -101.084 -101.112 -100.863
-100.246 -100.618 -100.152 -100.064
-100.445 -101.410 -101.092 -100.729
-99.863 -100.734 -100.782 -100.785
-101.468 -102.773 -102.113 -101.843
-100.718 -101.766 -101.066 -100.781
-100.276 -101.397 -101.402 -101.421
-100.137 -101.204 -101.230 -100.990
-100.204 -101.503 -101.296 -100.965
-98.538 -100.326 -100.762 -100.658
-99.787 -100.757 -100.848 -100.367
-100.633 -101.439 -101.155 -100.886
-101.924 -102.769 -102.037 -101.706
-100.932 -101.258 -101.316 -101.149
-98.166 -100.032 -100.349 -100.045
-99.355 -100.878 -100.974 -100.599
-102.356 -102.775 -102.131 -101.887
-101.002 -101.363 -101.111 -100.794
-101.198 -102.732 -102.028 -101.694
-99.625 -100.956 -101.146 -101.031
-100.220 -100.923 -101.123 -100.975
-99.719 -101.134 -101.140 -101.036
-101.668 -102.427 -102.002 -101.687
-101.481 -102.102 -101.175 -100.919
-100.917 -101.051 -101.042 -100.444
-99.542 -100.362 -100.310 -100.088
117.811 -101.223 -102.473 -101.919
-99.943 -101.001 -101.082 -100.853
-100.244 -100.610 -100.734 -100.363
-100.452 -100.956 -100.973 -100.620
-101.405 -101.442 -101.173 -100.852
-101.339 -102.723 -101.966 -101.644
-100.748 -101.875 -101.162 -100.931
-100.818 -102.016 -102.889 -102.633
-100.571 -101.567 -101.893 -101.614
-100.713 -101.580 -101.309 -101.109
-100.960 -101.814 -101.460 -101.103
-98.335 -100.682 -100.836 -100.579
-99.450 -100.953 -100.675 -100.475
-99.545 -100.583 -100.607 -100.132
-100.550 -101.097 -101.170 -100.733
-101.724 -101.804 -101.124 -100.859
-101.289 -99.605 -99.645 -99.394
-100.853 -101.553 -101.644 -101.131
-98.735 -99.361 -99.400 -99.058
-98.963 -100.071 -100.300 -100.111
-99.945 -100.498 -100.530 -100.093
-101.709 -101.937 -101.339 -101.098
-99.888 -100.114 -100.101 -99.947
-99.092 -101.176 -101.304 -100.911
-101.423 -101.486 -101.173 -100.849
-101.515 -101.526 -101.658 -101.068
-100.660 -100.348 -100.892 -100.720
-99.073 -99.429 -99.483 -99.384
-99.937 -100.939 -101.419 -100.982
-100.124 -100.289 -100.278 -100.033
-101.183 -101.240 -100.993 -100.624
-100.352 -101.003 -101.260 -100.807
-100.177 -101.290 -101.315 -100.901
-101.723 -102.245 -101.695 -101.288
-100.961 -101.311 -101.291 -101.170
-102.921 -99.742 -100.069 -99.975
-100.870 -101.602 -101.996 -101.490
-100.881 -100.902 -100.936 -100.667
-96.042 -96.553 -95.530 -95.599
-99.807 -99.991 -99.991 -99.812
-100.792 -100.790 -100.191 -99.616
-101.410 -101.374 -101.361 -100.905
-101.129 -100.943 -101.042 -100.823
-101.367 -101.680 -101.719 -101.490
-102.093 -101.883 -102.096 -101.897
-101.373 -101.079 -101.093 -100.954
-101.177 -101.259 -101.128 -100.771
-100.340 -100.529 -99.758 -99.460
-100.750 -102.703 -102.360 -102.049
-101.700 -101.719 -101.797 -101.240
-101.819 -101.740 -102.004 -101.909
-101.631 -101.671 -101.759 -101.188
-99.583 -99.689 -99.554 -99.423
-99.635 -100.802 -100.494 -100.132
-100.564 -101.696 -102.423 -102.094
-98.810 -100.763 -101.324 -101.092
-99.886 -101.197 -101.070 -100.853
-100.870 -101.628 -101.153 -100.785
-99.916 -99.881 -99.823 -99.549
-101.185 -101.711 -101.723 -101.437
-100.803 -98.972 -98.859 -98.902
-101.552 -101.678 -100.990 -100.652
-100.674 -101.962 -101.718 -101.268
-101.263 -101.322 -101.059 -100.711
-101.685 -101.436 -101.540 -101.406
-100.388 -100.982 -101.039 -100.768
-99.467 -101.506 -101.902 -101.358
-99.635 -100.888 -100.587 -100.211
-100.740 -100.810 -101.092 -100.889
-100.233 -100.494 -100.349 -100.064
-100.870 -101.554 -101.129 -100.733
-99.409 -99.976 -100.041 -99.743
-101.405 -99.943 -99.866 -99.533
-99.317 -100.287 -100.406 -100.169
-101.526 -101.535 -101.562 -101.343
-99.990 -100.432 -100.446 -100.267
-99.030 -99.443 -99.747 -99.664
-96.807 -100.748 -101.032 -100.629
-100.563 -100.986 -101.007 -100.601
-100.098 -101.100 -101.047 -100.911
-99.937 -100.441 -100.479 -100.013
-100.965 -100.516 -100.328 -100.202
-100.749 -100.705 -101.069 -100.750
-100.047 -100.941 -100.751 -100.286
-100.775 -100.882 -100.763 -100.727
-100.295 -100.872 -100.992 -100.748
-101.029 -101.986 -101.242 -100.941
-103.100 -101.725 -101.856 -101.270
-101.120 -102.660 -102.085 -101.738
-100.020 -100.682 -100.886 -100.816
-99.763 -100.007 -100.296 -100.176
-103.356 -99.849 -99.828 -99.541
-99.297 -99.834 -99.804 -99.641
-100.364 -100.533 -100.626 -100.381
-99.927 -100.846 -100.542 -100.250
-99.716 -100.124 -100.076 -99.954
-102.506 -102.541 -103.078 -102.781
-100.006 -100.438 -100.162 -99.843
-101.365 -99.474 -99.465 -99.000
-97.815 -100.636 -101.023 -100.892
-98.978 -101.337 -101.194 -100.974
-99.524 -101.817 -102.013 -101.331
-101.801 -102.210 -102.915 -102.838
-97.352 -100.372 -100.451 -100.013
-99.884 -101.027 -100.960 -100.677
-100.190 -100.536 -100.365 -100.133
-99.678 -100.188 -100.236 -100.129
-100.413 -101.095 -101.146 -100.716
-99.393 -99.977 -100.012 -99.797
-100.033 -100.760 -100.395 -100.226
-99.917 -101.107 -100.640 -100.620
-101.054 -101.550 -101.609 -101.362
-100.221 -100.893 -100.139 -100.024
-100.558 -100.926 -101.001 -100.916
-100.229 -100.777 -100.644 -100.579
-101.377 -102.925 -102.928 -101.970
-100.131 -101.125 -101.129 -100.831
-99.205 -101.335 -101.041 -101.035
-98.648 -98.957 -99.018 -98.842
-101.156 -101.883 -101.836 -101.434
-100.351 -101.319 -101.347 -101.243
-100.126 -100.649 -100.504 -100.268
-100.894 -101.995 -102.010 -101.757
-101.085 -101.680 -101.697 -101.074
-100.078 -100.827 -100.956 -100.819
-100.249 -100.264 -100.213 -99.536
-98.778 -100.737 -100.678 -100.640
-100.302 -101.207 -100.657 -100.434
-100.792 -101.751 -101.806 -101.552
-101.187 -101.817 -101.760 -101.732
-99.166 -100.324 -100.216 -100.163
-101.804 -102.203 -101.770 -101.455
-100.815 -101.643 -100.936 -100.761
-101.103 -101.827 -101.417 -101.110
-100.136 -100.839 -100.211 -99.908
-101.075 -101.358 -101.031 -100.691
-101.145 -101.633 -101.429 -101.133
-100.138 -100.911 -100.698 -100.438
-99.777 -100.350 -101.083 -100.817
-100.943 -101.502 -101.278 -100.985
-100.506 -101.169 -101.241 -100.894
-100.236 -100.353 -100.474 -100.217
-100.726 -100.987 -101.018 -100.746
-100.996 -101.649 -101.620 -100.988
-100.179 -100.436 -100.500 -100.265
-101.827 -102.782 -102.107 -101.787
-99.409 -100.606 -100.643 -100.466
-98.568 -100.095 -100.405 -100.285
-100.414 -100.609 -100.622 -100.469
-99.925 -100.328 -100.377 -100.147
-101.149 -101.639 -101.376 -101.028
-102.776 -103.375 -103.181 -103.170
-100.589 -101.546 -101.559 -101.295
-100.752 -101.458 -101.215 -100.876
-101.112 -101.845 -101.183 -100.963
-100.628 -101.603 -101.920 -101.638
-101.689 -102.723 -102.140 -101.904
-102.070 -102.719 -101.921 -101.614
-100.470 -101.210 -101.020 -100.655
-101.230 -101.235 -101.320 -100.914
-100.625 -101.465 -101.144 -100.802
-100.457 -101.053 -101.206 -100.656
-100.872 -102.256 -101.601 -101.318
-101.330 -101.983 -101.684 -101.392
-100.877 -101.452 -101.066 -100.727
-100.299 -102.766 -102.099 -101.786
-100.014 -100.683 -100.133 -99.978
-99.103 -100.768 -100.930 -100.733
-100.329 -101.224 -101.249 -101.004
-101.032 -101.634 -101.645 -101.407
-99.701 -101.398 -101.359 -100.873
-100.674 -103.238 -103.061 -103.047
-102.116 -102.740 -102.011 -101.672
-101.562 -101.864 -101.872 -101.610
-100.883 -100.765 -100.745 -100.693
-100.666 -101.336 -101.097 -100.690
-101.701 -101.722 -101.754 -101.187
-100.096 -101.606 -101.959 -101.678
-100.954 -101.501 -101.505 -100.927
-101.321 -101.856 -101.884 -101.496
-102.186 -102.775 -102.116 -101.854
-102.632 -102.701 -101.932 -101.601
-101.606 -102.765 -102.096 -101.778
-101.642 -102.216 -101.843 -101.486
-100.425 -101.244 -101.116 -100.757
-100.913 -101.621 -101.712 -101.132
-99.103 -100.357 -100.617 -100.362
-100.574 -101.178 -101.203 -100.849
-102.093 -102.777 -102.126 -101.878
-100.633 -101.083 -100.690 -100.427
-101.005 -101.002 -100.960 -100.385
-100.168 -100.601 -100.659 -100.459
-100.060 -101.603 -101.328 -101.055
-100.211 -100.637 -99.010 -98.934
-99.779 -100.404 -100.399 -99.972
-100.885 -100.764 -100.963 -100.761
-100.464 -100.997 -101.010 -100.804
-100.188 -101.465 -101.379 -101.177
-100.407 -101.209 -101.234 -100.976
-99.856 -99.625 -100.184 -99.825
-100.657 -101.142 -101.213 -100.822
-101.986 -102.761 -102.113 -101.871
-100.587 -101.557 -101.586 -101.340
-100.934 -102.116 -101.518 -101.291
-100.751 -101.015 -100.864 -100.479
-100.571 -100.531 -100.426 -100.295
-101.591 -101.844 -101.901 -101.313
-100.097 -100.662 -100.966 -100.463
-101.192 -101.249 -101.238 -100.757
-99.776 -100.265 -100.298 -100.150
-99.525 -100.215 -100.217 -100.107
-99.720 -101.871 -101.305 -101.074
-100.671 -101.615 -100.987 -100.759
-101.164 -101.699 -101.423 -101.093
-98.947 -100.229 -100.591 -100.553
-101.671 -102.142 -101.488 -101.261
-100.973 -101.818 -101.055 -100.861
-101.194 -101.429 -101.559 -101.178
-98.976 -100.676 -100.902 -100.574
-100.975 -102.107 -101.543 -101.181
-101.154 -102.776 -102.093 -101.781
-97.788 -100.170 -100.211 -99.841
-100.970 -101.860 -101.056 -100.876
-99.542 -100.469 -100.339 -99.998
-101.549 -101.614 -101.558 -101.518
-98.798 -100.445 -100.708 -100.352
-100.674 -101.255 -101.336 -100.786
-101.469 -101.569 -101.530 -101.126
-100.963 -101.581 -101.451 -101.157
-98.906 -101.158 -101.440 -101.218
-101.449 -101.589 -101.757 -101.366
-99.612 -100.425 -100.599 -100.259
-99.235 -100.072 -99.915 -99.581
-100.541 -100.841 -100.837 -100.075
-99.943 -100.704 -100.670 -100.144
-102.019 -102.052 -101.429 -101.100
-100.743 -101.075 -101.415 -101.148
-100.881 -101.490 -101.105 -100.811
-99.915 -100.083 -100.156 -99.844
-100.379 -100.825 -100.856 -100.631
-99.680 -99.955 -99.719 -99.531
-100.803 -99.671 -99.819 -99.672
-100.428 -101.262 -101.471 -101.344
-102.067 -102.732 -101.992 -101.660
-102.382 -98.780 -98.844 -98.245
-97.508 -99.632 -100.569 -100.414
-99.971 -100.130 -100.582 -100.206
-98.689 -101.349 -101.187 -100.816
-99.786 -101.736 -101.867 -101.324
-101.054 -101.164 -101.140 -100.798
-102.262 -99.023 -99.313 -98.960
-102.247 -102.031 -102.035 -101.794
-101.665 -101.679 -100.995 -100.680
-99.911 -100.740 -100.565 -100.151
-101.683 -101.718 -101.783 -101.331
-101.095 -101.180 -101.744 -101.267
-102.023 -101.722 -102.056 -101.823
-100.673 -100.546 -100.883 -100.689
-101.095 -101.190 -101.711 -101.224
-101.696 -101.691 -101.146 -100.764
-98.923 -100.486 -100.442 -100.160
-100.191 -100.205 -99.843 -99.600
-99.914 -101.417 -101.782 -101.408
-101.214 -101.253 -101.226 -100.996
-99.601 -100.205 -100.144 -99.899
-100.251 -100.796 -100.472 -100.285
-102.749 -102.748 -102.032 -101.689
-99.525 -101.849 -101.984 -101.436
-102.078 -102.022 -102.614 -102.361
-99.294 -101.714 -101.973 -101.729
-101.689 -101.680 -101.811 -101.554
-99.957 -100.938 -101.337 -101.123
-101.618 -101.616 -101.627 -101.215
-99.055 -102.442 -102.714 -102.654
-98.055 -102.715 -102.859 -102.119
-101.618 -101.634 -101.727 -101.198
-102.091 -101.866 -102.093 -101.872
-99.354 -101.873 -101.670 -101.231
-100.943 -101.605 -101.384 -100.923
-100.148 -100.221 -99.880 -99.646
-97.967 -100.743 -101.978 -101.421
-101.875 -101.881 -101.929 -101.603
-100.094 -100.215 -99.866 -99.630
-102.091 -101.870 -102.092 -101.887
-102.247 -101.999 -102.005 -101.762
-101.696 -101.690 -101.063 -100.730
-100.376 -100.183 -99.973 -99.877
-101.044 -101.413 -101.427 -100.969
-100.196 -100.751 -100.747 -100.637
-99.637 -100.491 -100.370 -100.172
-100.750 -101.673 -101.745 -101.541
-98.152 -99.599 -99.802 -99.609
-99.284 -99.210 -99.396 -99.326
-99.288 -100.135 -100.162 -99.966
-100.076 -100.806 -100.816 -100.526
-98.994 -100.776 -100.521 -100.235
-99.508 -99.929 -99.954 -99.555
-99.582 -101.621 -101.653 -101.390
-100.431 -101.305 -101.268 -100.879
-101.451 -100.809 -100.787 -100.597
-99.478 -100.576 -100.587 -100.398
-101.078 -101.206 -101.276 -100.884
-100.097 -100.748 -100.820 -100.648
-97.914 -100.175 -100.857 -100.664
-100.714 -101.074 -101.046 -100.938
-98.733 -101.163 -101.315 -101.204
-99.624 -100.338 -100.632 -100.550
-100.190 -101.058 -101.065 -100.808
-99.084 -100.885 -101.324 -101.058
-98.838 -100.061 -100.465 -100.350
-99.329 -100.368 -100.577 -100.204
-98.947 -101.242 -101.458 -101.000
-100.505 -101.176 -100.999 -100.529
-100.674 -103.238 -103.061 -103.047
-100.564 -101.696 -102.423 -102.094
-101.819 -101.740 -102.004 -101.909
-100.476 -100.222 -100.188 -100.115
-99.159 -100.520 -100.293 -99.867
-101.032 -101.634 -101.645 -101.407
-98.718 -99.374 -99.601 -99.477
-98.310 -99.523 -99.879 -99.726
-99.692 -100.306 -100.404 -100.331
-99.941 -100.785 -100.822 -100.469
-100.572 -101.572 -101.033 -100.808
-100.560 -101.291 -101.288 -100.931
-100.152 -100.650 -100.663 -100.332
-98.396 -100.098 -100.333 -100.114
-100.127 -102.108 -101.467 -101.211
-100.454 -101.252 -101.218 -101.217
-103.375 -100.363 -100.816 -99.890
-97.551 -100.739 -100.628 -100.373
-101.692 -102.635 -101.913 -101.592
-100.084 -100.989 -101.010 -100.674
-99.768 -100.306 -100.285 -100.086
-101.543 -102.299 -102.261 -101.878
-99.739 -100.145 -100.211 -99.962
-100.067 -101.496 -101.624 -101.088
-100.512 -100.712 -100.665 -100.241
-99.729 -101.427 -101.918 -101.566
-98.362 -100.430 -100.422 -100.386
-100.393 -100.925 -101.084 -100.867
-97.546 -100.701 -100.844 -100.594
-99.659 -101.361 -100.763 -100.483
-99.383 -100.383 -100.377 -100.199
-101.990 -102.744 -102.133 -101.898
-102.629 -102.792 -102.121 -101.850
-100.667 -101.339 -101.325 -100.921
-101.130 -101.813 -101.800 -101.220
-102.084 -102.737 -102.054 -101.720
-101.303 -101.770 -101.770 -101.149
-100.157 -100.980 -100.714 -100.463
-100.612 -101.420 -101.351 -100.942
-101.202 -101.268 -101.341 -100.893
-101.115 -101.777 -101.429 -101.222
-100.657 -101.607 -100.939 -100.743
-100.852 -101.871 -101.284 -101.056
-100.940 -101.784 -101.767 -101.343
-102.054 -102.750 -102.020 -101.691
-99.267 -100.785 -100.524 -100.146
-100.186 -101.225 -101.531 -101.120
-100.449 -100.925 -100.948 -100.586
-100.279 -101.660 -101.071 -100.858
-101.019 -101.794 -101.389 -101.154
-101.703 -102.715 -102.007 -101.656
-101.210 -101.471 -101.065 -100.833
-101.119 -102.757 -102.150 -101.900
-101.306 -101.722 -101.725 -101.110
-100.485 -102.492 -101.766 -101.471
-102.614 -102.784 -102.039 -101.727
-101.541 -102.154 -101.548 -101.320
-99.471 -101.695 -101.404 -101.132
-99.789 -100.238 -100.578 -100.113
-100.720 -101.591 -100.864 -100.673
-100.583 -101.222 -101.291 -100.693
-100.899 -101.560 -101.330 -100.964
-101.633 -102.755 -102.053 -101.782
-100.114 -100.727 -100.946 -100.623
-100.878 -101.727 -101.630 -101.558
-101.581 -102.709 -101.941 -101.616
-100.394 -101.368 -101.039 -100.652
-100.442 -101.948 -101.304 -101.082
-99.731 -101.075 -101.030 -100.915
-99.387 -99.441 -99.366 -99.113
-101.464 -102.722 -102.122 -101.892
-100.811 -101.211 -100.789 -100.493
-100.462 -101.818 -100.979 -100.772
-101.192 -102.104 -101.420 -101.211
-100.706 -101.836 -101.195 -100.966
-100.282 -101.071 -100.828 -100.429
-100.903 -101.439 -101.104 -100.873
-100.262 -100.618 -100.435 -100.015
-102.097 -102.735 -102.117 -101.894
-100.414 -100.749 -100.515 -100.255
-100.106 -101.088 -101.128 -100.774
-100.047 -100.496 -100.729 -100.130
-100.975 -101.198 -101.154 -100.574
-101.261 -101.701 -101.695 -101.093
-99.379 -100.670 -100.349 -99.997
-101.893 -102.742 -101.967 -101.649
-101.206 -102.741 -101.989 -101.681
-101.305 -101.608 -101.278 -100.951
-100.358 -100.656 -100.748 -100.213
-99.495 -100.180 -99.900 -99.578
-101.308 -102.157 -101.410 -101.028
-102.099 -102.791 -102.105 -101.830
-101.098 -102.116 -101.464 -101.240
-99.130 -100.513 -100.277 -100.234
-101.223 -102.170 -101.585 -101.354
-99.379 -100.621 -100.957 -100.565
-100.243 -101.392 -101.497 -101.074
-100.515 -101.199 -101.001 -100.620
-100.338 -101.018 -101.024 -100.223
-100.880 -101.640 -101.742 -101.204
-102.040 -102.752 -102.001 -101.683
-100.280 -101.467 -101.281 -100.996
-99.274 -100.282 -100.360 -99.968
-100.436 -101.612 -101.295 -100.977
-101.735 -102.760 -102.024 -101.697
-100.675 -100.902 -100.623 -100.374
-101.254 -101.331 -101.141 -100.815
-100.380 -100.974 -101.075 -100.604
-100.198 -100.922 -100.768 -100.474
-102.574 -99.562 -99.894 -99.743
-101.086 -102.189 -101.766 -101.377
-100.514 -101.855 -101.530 -101.374
-100.468 -101.649 -100.948 -100.735
-98.987 -101.406 -101.399 -101.088
-103.574 -101.920 -102.704 -102.401
-100.948 -101.739 -101.964 -101.865
-99.594 -101.438 -101.509 -101.234
-100.544 -100.845 -101.069 -100.857
-100.645 -101.280 -101.305 -100.789
-99.191 -101.679 -102.131 -101.690
-99.438 -101.779 -101.938 -101.483
-99.564 -101.230 -101.314 -100.796
-100.660 -101.036 -101.045 -100.690
-101.181 -101.689 -101.775 -101.161
-100.494 -101.404 -101.261 -101.030
-101.874 -102.247 -102.190 -101.812
-99.283 -100.818 -100.729 -100.490
-99.048 -100.821 -101.265 -100.897
-100.321 -100.878 -100.998 -100.766
-101.523 -101.659 -101.399 -101.037
-100.867 -101.276 -101.275 -100.894
-101.544 -101.873 -101.971 -101.690
-98.782 -99.643 -99.497 -99.408
-99.802 -100.868 -100.902 -100.682
-101.770 -101.894 -101.285 -101.056
-100.719 -101.656 -101.154 -101.016
-99.320 -99.890 -99.791 -99.581
-100.535 -101.182 -101.369 -101.037
-101.671 -100.727 -100.750 -100.349
-101.025 -101.110 -101.135 -100.683
-103.554 -98.223 -98.351 -98.077
-100.106 -101.689 -101.036 -100.767
-100.098 -100.514 -100.473 -100.025
-99.033 -99.940 -99.727 -99.563
-98.852 -98.968 -98.899 -98.618
-98.852 -98.988 -98.907 -98.630
-98.852 -98.971 -98.880 -98.613
-99.956 -101.396 -101.958 -101.713
-101.595 -101.566 -101.339 -100.996
-98.609 -101.583 -101.613 -101.224
-100.752 -100.761 -100.162 -99.623
-101.384 -101.898 -101.959 -101.754
-101.685 -101.674 -101.082 -100.737
-99.984 -101.141 -101.125 -100.835
-99.258 -101.398 -101.607 -101.324
-100.104 -100.399 -100.349 -100.181
-102.261 -102.021 -102.024 -101.776
-101.775 -101.695 -101.987 -101.899
-100.832 -102.695 -102.096 -101.906
-101.202 -101.260 -101.050 -100.659
-101.678 -101.835 -102.159 -101.803
-100.448 -100.435 -100.357 -99.995
-101.980 -102.033 -101.499 -101.093
-100.669 -101.124 -102.652 -102.203
-101.866 -101.877 -101.937 -101.601
-96.381 -97.387 -97.290 -97.078
-99.749 -100.688 -100.707 -100.489
-101.689 -101.690 -101.797 -101.536
-101.340 -101.446 -100.988 -100.602
-101.161 -101.463 -101.453 -101.453
-98.609 -100.505 -100.558 -100.145
-96.397 -101.233 -101.434 -101.058
-101.387 -101.432 -101.581 -101.391
-100.669 -100.712 -100.710 -100.324
-99.983 -100.968 -100.768 -100.634
-102.162 -102.174 -101.581 -101.349
-101.426 -101.443 -101.465 -101.115
-102.179 -102.731 -102.131 -101.894
-98.852 -98.965 -98.891 -98.602
-101.769 -101.820 -101.927 -101.647
-100.266 -101.692 -101.995 -101.617
-100.158 -100.260 -100.330 -100.036
-105.093 -100.395 -100.608 -100.356
-102.628 -99.858 -99.705 -99.592
-103.000 -100.337 -100.557 -100.150
-100.399 -101.730 -101.413 -101.248
-99.531 -100.690 -100.777 -100.543
-100.321 -101.487 -101.422 -101.346
-101.749 -101.136 -101.227 -100.926
-99.722 -100.708 -100.747 -100.417
-100.110 -100.517 -100.095 -99.903
-100.268 -101.191 -101.195 -101.014
-100.288 -101.318 -101.325 -101.049
-100.310 -100.782 -100.663 -100.607
-101.048 -101.297 -101.223 -101.121
-103.900 -100.214 -100.263 -99.952
-100.673 -101.118 -101.173 -100.913
-99.792 -102.098 -102.511 -102.273
-98.640 -100.314 -100.380 -99.933
-100.125 -101.888 -101.833 -101.580
-105.554 -100.446 -100.736 -99.978
-99.945 -100.825 -100.919 -100.618
-98.726 -99.393 -99.551 -99.250
-99.221 -101.449 -101.450 -101.312
-99.953 -101.664 -101.565 -101.382
-100.716 -101.645 -100.975 -100.763
-99.253 -102.025 -101.585 -101.671
-99.055 -102.442 -102.714 -102.654
-100.416 -100.998 -100.676 -100.378
-102.078 -102.022 -102.614 -102.361
-100.097 -100.835 -101.050 -100.740
-98.055 -102.715 -102.859 -102.119
-101.875 -101.881 -101.929 -101.603
-101.968 -100.305 -100.483 -100.390
-101.689 -101.680 -101.811 -101.554
-77.988 -99.080 -98.968 -98.719
-97.967 -100.743 -101.978 -101.421
-101.543 -102.299 -102.261 -101.878
-100.410 -98.610 -99.140 -98.822
-98.580 -100.816 -100.740 -100.354
-100.443 -101.799 -101.748 -101.716
-100.525 -101.167 -101.070 -100.809
-100.023 -102.545 -101.841 -101.512
-100.329 -101.363 -100.822 -100.406
-89.219 -98.614 -99.428 -99.161
-99.957 -99.590 -99.639 -99.570
-99.652 -102.456 -102.737 -102.695
-99.551 -101.059 -101.103 -100.744
-100.540 -100.940 -101.240 -101.120
-98.498 -100.146 -100.507 -100.238
-100.488 -100.485 -100.164 -99.712
-99.522 -101.540 -101.187 -100.978
-95.119 -100.017 -99.620 -99.392
-99.194 -100.690 -100.879 -100.244
-100.545 -102.494 -102.843 -102.776
-100.552 -101.450 -101.817 -101.517
-99.345 -100.704 -100.587 -100.172
-99.044 -99.227 -99.257 -98.604
-102.201 -102.758 -102.022 -101.692
-100.647 -101.187 -101.210 -100.715
-100.084 -101.839 -101.250 -101.103
-100.769 -101.247 -101.143 -100.786
-100.339 -100.383 -100.750 -100.047
-100.952 -101.676 -101.683 -101.092
-95.078 -99.964 -100.040 -99.891
-101.590 -101.790 -101.236 -101.019
-101.301 -101.235 -100.743 -100.491
-101.260 -101.632 -101.691 -101.079
-101.120 -101.604 -101.585 -101.184
-100.733 -101.441 -101.129 -100.793
-102.102 -102.750 -102.030 -101.694
35.941 -100.624 -101.253 -100.752
-101.193 -101.748 -101.374 -101.050
-101.129 -101.600 -101.339 -100.998
-100.978 -101.622 -101.183 -100.774
-101.249 -102.215 -101.484 -101.156
-101.504 -101.167 -101.027 -100.394
-100.274 -100.937 -100.941 -100.505
-99.790 -100.466 -100.257 -99.994
-98.383 -99.879 -100.068 -99.893
-101.235 -102.753 -102.083 -101.782
-100.809 -100.838 -101.127 -100.640
-100.485 -102.192 -102.500 -101.859
-100.139 -101.072 -101.059 -100.804
-101.139 -102.054 -101.339 -101.153
-100.581 -100.637 -100.459 -100.194
-99.284 -101.492 -101.242 -101.067
-99.817 -100.499 -100.673 -100.582
-100.522 -101.665 -101.560 -101.515
-101.184 -102.176 -101.277 -101.020
-102.396 -102.770 -102.046 -101.724
-101.383 -102.092 -101.406 -101.105
-101.518 -102.117 -101.494 -101.270
-100.963 -102.058 -101.386 -101.162
-99.998 -101.680 -101.794 -101.244
-99.895 -101.384 -100.703 -100.356
-100.859 -101.417 -101.099 -100.767
-101.336 -101.882 -101.883 -101.220
-100.855 -101.524 -101.305 -101.014
-100.740 -101.502 -101.243 -100.989
-101.157 -101.588 -101.378 -101.053
-100.728 -101.646 -101.536 -101.485
-100.232 -100.830 -100.903 -100.500
-101.012 -102.192 -101.294 -101.055
-101.793 -102.777 -102.054 -101.734
-95.313 -100.348 -101.009 -100.686
-99.227 -100.340 -101.320 -100.996
-101.661 -102.110 -101.484 -101.220
-100.788 -101.396 -101.131 -100.786
-100.966 -100.991 -101.119 -100.636
-100.983 -101.627 -101.085 -100.717
-100.380 -102.670 -102.108 -101.867
-98.654 -101.214 -101.216 -100.721
-99.588 -101.272 -101.155 -100.947
-98.998 -101.734 -101.772 -101.068
-100.981 -101.321 -101.225 -100.688
-101.638 -102.165 -101.539 -101.307
-100.842 -100.917 -100.600 -100.349
-101.365 -102.781 -102.074 -101.797
-100.734 -101.302 -101.682 -101.085
-102.077 -100.470 -100.611 -100.302
-101.370 -101.950 -101.294 -101.123
-101.017 -101.479 -101.217 -100.882
-100.920 -101.899 -101.284 -101.058
-100.220 -101.834 -101.859 -101.439
-100.091 -100.676 -100.254 -100.135
-100.806 -101.046 -101.001 -100.367
-100.440 -101.741 -101.737 -101.705
-101.096 -102.143 -101.500 -101.160
-101.811 -102.579 -101.740 -101.495
-101.478 -101.575 -101.452 -101.194
-101.308 -101.661 -101.424 -101.058
-101.413 -102.034 -101.342 -101.134
-101.850 -101.886 -101.873 -101.498
-99.609 -100.619 -100.226 -100.115
-102.094 -100.615 -100.899 -100.387
-101.581 -102.520 -102.804 -102.768
-100.939 -101.980 -101.179 -100.967
-100.383 -101.344 -101.322 -100.942
-103.452 -100.478 -100.707 -100.543
-101.372 -101.644 -101.340 -101.016
-102.606 -102.592 -102.866 -102.519
-101.343 -101.747 -101.952 -101.851
-100.206 -101.273 -101.313 -101.034
-103.335 -100.047 -100.032 -99.831
-100.700 -101.441 -101.443 -100.873
-100.555 -101.612 -101.985 -101.492
-100.234 -101.765 -101.825 -101.252
-101.724 -101.824 -102.229 -101.878
-99.875 -101.356 -101.379 -101.070
-101.175 -101.406 -101.105 -100.740
-100.505 -101.481 -101.305 -101.020
-100.189 -101.291 -101.333 -100.893
-100.423 -101.350 -101.149 -100.797
-101.251 -101.515 -101.433 -101.298
-100.458 -101.200 -101.277 -100.725
-100.616 -101.257 -101.147 -100.792
-101.796 -101.797 -101.845 -101.287
-101.132 -99.599 -99.773 -99.562
-102.764 -102.734 -102.153 -101.931
-99.536 -100.506 -100.628 -100.321
-100.161 -101.812 -101.980 -101.474
-101.483 -98.389 -98.562 -98.250
-98.940 -102.072 -101.601 -101.361
-101.696 -101.868 -101.973 -101.676
-101.888 -101.872 -101.927 -101.593
-100.625 -100.884 -101.212 -101.005
-100.739 -100.764 -100.681 -100.460
-100.555 -100.777 -100.199 -99.616
-100.019 -100.190 -99.814 -99.553
-100.564 -101.274 -101.319 -100.920
-102.043 -101.875 -102.132 -101.896
-99.876 -100.211 -100.392 -99.867
-99.521 -101.562 -101.552 -101.400
-99.232 -99.901 -99.922 -99.399
-101.019 -101.386 -101.126 -100.848
-100.503 -100.927 -101.393 -100.904
-101.885 -101.872 -101.944 -101.626
-99.704 -100.211 -100.227 -99.947
-100.911 -101.302 -101.275 -100.861
-100.978 -101.072 -101.252 -100.834
-99.030 -102.243 -102.425 -102.373
-100.503 -100.911 -101.394 -100.922
-99.608 -101.140 -101.515 -101.275
-101.642 -101.600 -101.676 -101.412
-102.793 -102.742 -102.149 -101.924
-101.046 -100.738 -100.792 -100.531
-99.970 -100.224 -99.883 -99.657
-101.021 -101.183 -101.021 -100.624
-99.268 -101.851 -101.529 -101.226
-101.200 -101.242 -101.570 -101.216
-99.978 -100.017 -99.720 -99.430
-101.303 -101.336 -101.331 -100.870
-100.634 -100.812 -100.855 -100.612
-102.787 -102.783 -102.103 -101.803
-100.486 -101.275 -101.504 -101.248
-100.489 -100.743 -101.369 -101.135
-101.823 -101.873 -101.036 -100.816
-102.251 -102.230 -101.868 -101.488
-99.854 -101.541 -101.603 -100.994
-101.112 -101.879 -101.918 -101.730
-100.645 -101.312 -101.398 -101.186
-100.968 -101.377 -101.231 -101.014
-101.065 -101.402 -101.523 -101.088
-99.965 -101.059 -101.226 -100.912
-99.778 -101.882 -101.766 -101.682
-102.971 -100.458 -100.763 -100.499
-99.859 -100.694 -100.749 -100.459
-103.974 -100.204 -100.228 -100.063
-99.141 -100.970 -101.188 -100.760
-100.144 -100.722 -100.742 -100.487
-100.053 -101.168 -101.261 -100.755
-99.762 -100.390 -100.337 -100.129
-101.491 -99.001 -99.083 -98.912
-102.866 -99.606 -99.792 -99.503
64.662 -100.802 -101.948 -101.853
-99.812 -101.360 -101.496 -101.371
-99.078 -99.817 -100.037 -99.778
-100.079 -100.165 -100.424 -100.133
-101.164 -101.812 -101.822 -101.173
-97.177 -96.633 -98.339 -97.931
-102.502 -100.859 -100.797 -100.707
-99.114 -100.276 -100.419 -100.165
-99.112 -102.843 -103.035 -103.086
-99.641 -100.008 -100.476 -100.284
-100.517 -101.238 -101.213 -101.187
-99.652 -102.456 -102.737 -102.695
-100.590 -101.054 -101.062 -100.926
-103.574 -101.920 -102.704 -102.401
-99.914 -100.357 -100.081 -99.910
-99.792 -102.098 -102.511 -102.273
-101.322 -100.978 -99.871 -99.686
-100.669 -101.124 -102.652 -102.203
-100.832 -102.695 -102.096 -101.906
-99.503 -100.860 -100.989 -100.688
-101.678 -101.835 -102.159 -101.803
-100.191 -100.660 -101.275 -100.858
-99.438 -101.779 -101.938 -101.483
-99.953 -101.664 -101.565 -101.382
-98.870 -101.539 -101.560 -101.317
-99.044 -99.227 -99.257 -98.604
-101.775 -101.695 -101.987 -101.899
-97.728 -101.386 -101.197 -101.029
-101.769 -101.820 -101.927 -101.647
-101.980 -102.033 -101.499 -101.093
-99.305 -100.887 -101.111 -100.920
-100.321 -100.878 -100.998 -100.766
-100.948 -101.739 -101.964 -101.865
-101.387 -101.432 -101.581 -101.391
-101.478 -101.575 -101.452 -101.194
-100.544 -100.845 -101.069 -100.857
-99.817 -100.499 -100.673 -100.582
-103.900 -100.214 -100.263 -99.952
-100.351 -100.506 -100.463 -100.139
-98.567 -98.889 -98.831 -98.478
-99.804 -101.214 -101.148 -100.689
-99.003 -99.830 -100.009 -99.946
-99.737 -102.152 -102.213 -101.693
-100.657 -101.452 -101.397 -101.235
-99.785 -100.120 -100.119 -99.676
-101.658 -101.974 -101.305 -101.087
-102.167 -102.016 -101.765 -101.665
-99.705 -101.983 -102.319 -101.893
-100.127 -100.545 -100.754 -100.363
-99.462 -100.606 -100.959 -100.634
-97.078 -100.543 -100.108 -99.933
-101.251 -101.859 -101.853 -101.225
-100.390 -100.718 -100.454 -100.125
-98.419 -102.017 -101.746 -101.444
-100.147 -101.568 -101.322 -101.042
-100.970 -101.754 -100.981 -100.830
-100.742 -101.903 -101.247 -101.028
-100.062 -100.833 -100.814 -100.453
-101.931 -102.769 -102.050 -101.715
-100.859 -101.723 -101.788 -101.152
-100.447 -101.512 -101.190 -100.890
-99.690 -101.249 -100.985 -100.739
-101.244 -101.828 -101.780 -101.740
-100.858 -102.020 -101.339 -100.957
-102.628 -102.785 -102.118 -101.846
-101.196 -101.693 -101.724 -101.152
-100.955 -101.665 -101.372 -101.079
-100.828 -101.929 -101.286 -101.070
-99.668 -100.431 -100.376 -99.866
-101.274 -101.859 -101.738 -101.098
-100.086 -100.574 -99.982 -99.681
-101.305 -101.746 -101.056 -100.720
-99.455 -100.952 -101.891 -101.772
-100.035 -100.568 -100.323 -99.895
-100.263 -101.869 -101.340 -101.042
-99.960 -101.748 -101.289 -100.906
-100.042 -102.730 -102.113 -101.827
-100.809 -102.003 -101.380 -101.036
-99.642 -100.349 -100.413 -99.745
-94.588 -99.613 -99.536 -99.289
-101.580 -102.730 -102.119 -101.873
-101.777 -101.893 -101.201 -100.984
-101.189 -102.107 -101.497 -101.226
-101.868 -102.775 -102.129 -101.878
-101.459 -101.886 -101.847 -101.476
-100.856 -101.448 -101.329 -101.007
-99.668 -101.638 -101.089 -100.836
-99.749 -101.882 -101.363 -101.022
-100.317 -101.231 -101.186 -101.065
-101.937 -102.782 -102.084 -101.766
-100.423 -101.611 -100.931 -100.763
-99.635 -98.163 -98.447 -98.333
-99.563 -102.780 -102.260 -101.970
-100.249 -100.845 -100.805 -100.474
-101.866 -102.762 -102.150 -101.899
-100.607 -102.221 -102.674 -102.427
-92.505 -101.513 -101.578 -101.285
-101.055 -101.397 -100.476 -100.335
-101.165 -101.658 -101.635 -100.983
-100.951 -101.347 -101.166 -100.819
-101.200 -101.531 -101.357 -101.007
-100.283 -101.315 -101.322 -100.934
-101.159 -101.660 -101.429 -101.046
-101.074 -101.940 -101.081 -100.873
-95.625 -100.609 -100.956 -100.851
-101.299 -102.110 -101.437 -101.117
-101.561 -102.181 -101.551 -101.327
-102.148 -102.777 -102.044 -101.781
-100.408 -101.322 -100.994 -100.747
-100.923 -101.885 -101.275 -100.873
-101.195 -102.553 -101.824 -101.491
-100.714 -100.861 -100.907 -100.366
-98.346 -99.558 -99.731 -99.482
-100.520 -101.161 -100.827 -100.490
-102.621 -102.698 -101.918 -101.590
-101.926 -102.760 -102.088 -101.754
-100.644 -101.324 -101.006 -100.698
-101.137 -102.078 -101.394 -101.072
-100.911 -102.567 -101.849 -101.521
-100.091 -100.329 -100.112 -99.844
-103.526 -103.380 -103.231 -103.204
-100.691 -100.448 -100.455 -100.350
-100.479 -101.101 -101.276 -100.914
-100.375 -101.513 -101.563 -101.287
-98.131 -98.375 -98.311 -98.171
-100.349 -100.766 -100.536 -100.103
-100.948 -101.226 -101.754 -101.571
-101.536 -99.280 -99.218 -98.931
-100.650 -100.773 -100.796 -100.505
-100.232 -101.349 -101.112 -100.860
-101.102 -101.004 -101.030 -100.549
-100.668 -101.410 -101.453 -101.079
-100.533 -101.159 -100.723 -100.460
-100.329 -101.064 -101.110 -100.794
-102.226 -100.413 -100.614 -100.399
-100.566 -101.824 -101.916 -101.821
-100.944 -101.639 -101.914 -101.530
-101.048 -101.202 -101.176 -100.757
-100.535 -101.632 -101.277 -100.853
-100.536 -101.283 -101.114 -100.736
-99.303 -101.814 -102.504 -102.200
-101.495 -102.089 -101.457 -101.202
-101.177 -102.309 -102.291 -101.908
-99.052 -99.497 -99.580 -99.129
-99.602 -100.954 -100.921 -100.811
-100.438 -100.802 -100.920 -100.555
-99.219 -101.737 -102.150 -101.826
-100.813 -101.507 -101.693 -101.081
-99.848 -100.263 -100.375 -100.230
-99.637 -100.571 -101.245 -100.697
-100.770 -100.825 -101.072 -100.815
-101.140 -101.250 -101.523 -101.085
-100.832 -100.888 -100.556 -100.238
-101.703 -101.590 -101.694 -101.226
-102.072 -102.080 -101.457 -101.096
-101.200 -101.228 -100.819 -100.445
-99.549 -99.944 -99.784 -99.163
-99.579 -101.441 -101.636 -101.449
-99.827 -100.152 -100.580 -100.400
-100.547 -101.378 -101.440 -101.268
-100.003 -101.598 -101.757 -101.451
-101.750 -102.132 -101.521 -101.296
-99.043 -100.911 -100.896 -100.690
-100.710 -100.785 -100.145 -99.636
-101.217 -101.246 -101.114 -100.657
-100.047 -101.156 -101.200 -100.992
-98.513 -101.597 -102.799 -102.479
-100.044 -100.188 -100.438 -100.280
-98.915 -102.303 -102.650 -102.574
-102.072 -102.095 -101.456 -101.092
-100.778 -101.791 -101.821 -101.191
-102.072 -102.087 -101.438 -101.072
-99.637 -100.512 -101.024 -100.535
-101.360 -101.433 -101.487 -101.242
-99.432 -99.558 -99.400 -99.226
-100.270 -101.279 -101.594 -101.102
-99.662 -101.010 -100.820 -100.760
-101.355 -101.393 -101.135 -100.777
-100.778 -101.361 -101.298 -100.933
-100.778 -101.388 -101.350 -101.006
-99.957 -101.443 -101.579 -101.436
-99.329 -100.249 -100.298 -100.057
-98.756 -102.193 -101.668 -101.464
-100.544 -100.780 -100.806 -100.621
-101.439 -99.396 -99.059 -98.920
-100.131 -101.183 -101.948 -101.733
-100.115 -100.947 -100.972 -100.510
-98.917 -101.143 -101.240 -101.029
-100.929 -102.112 -101.652 -101.348
-100.966 -100.982 -101.645 -101.445
-100.639 -101.465 -101.340 -100.909
-97.780 -100.910 -100.844 -100.494
-100.241 -101.106 -101.612 -101.341
-100.138 -100.439 -100.378 -100.252
-100.099 -100.970 -100.997 -101.054
-100.097 -100.340 -100.408 -100.168
-97.904 -99.714 -100.065 -99.923
-99.675 -101.415 -101.566 -101.486
-101.368 -101.850 -101.878 -101.642
-99.796 -100.737 -100.516 -100.437
-100.019 -102.053 -101.532 -101.370
-100.035 -100.832 -100.876 -100.816
-99.112 -102.843 -103.035 -103.086
-99.563 -102.780 -102.260 -101.970
-99.866 -101.576 -101.696 -101.432
-101.796 -101.797 -101.845 -101.287
-100.447 -101.512 -101.190 -100.890
-100.974 -101.398 -101.343 -101.195
-102.094 -100.615 -100.899 -100.387
-100.910 -101.839 -102.160 -101.812
-100.506 -102.477 -102.838 -102.560
-100.127 -100.545 -100.754 -100.363
-99.044 -99.227 -99.257 -98.604
-99.891 -101.615 -101.788 -101.122
-99.319 -101.596 -101.834 -101.159
-101.581 -102.520 -102.804 -102.768
-99.380 -102.338 -102.382 -101.914
-99.380 -100.729 -100.771 -100.555
-102.606 -102.592 -102.866 -102.519
-99.705 -101.983 -102.319 -101.893
-101.850 -101.886 -101.873 -101.498
-98.870 -101.539 -101.560 -101.317
-99.749 -101.882 -101.363 -101.022
-100.283 -101.315 -101.322 -100.934
-98.059 -102.181 -102.424 -101.449
-100.329 -101.037 -101.061 -100.827
-99.129 -100.242 -100.241 -100.142
-101.537 -101.591 -101.677 -101.167
-100.893 -100.928 -100.797 -100.662
-101.084 -101.292 -101.107 -100.485
-99.608 -100.366 -100.749 -100.431
-99.931 -100.402 -100.292 -99.956
-100.567 -101.661 -101.269 -101.069
-100.336 -100.809 -100.650 -100.233
-100.453 -101.380 -101.500 -101.473
-99.286 -99.514 -99.473 -99.394
-98.318 -99.165 -99.264 -99.185
-97.646 -100.573 -99.746 -99.433
-100.383 -100.805 -100.898 -100.633
-98.199 -99.794 -100.160 -100.011
-101.453 -101.449 -101.451 -101.315
-100.526 -101.036 -101.077 -100.569
-101.497 -101.592 -101.461 -101.167
-99.614 -100.594 -100.629 -100.331
-99.850 -100.478 -100.423 -99.872
-100.234 -101.027 -101.034 -100.789
-101.149 -100.913 -100.917 -100.842
-100.419 -101.345 -101.417 -100.971
-100.559 -101.461 -101.796 -101.484
-100.424 -101.563 -101.653 -101.366
-101.407 -101.714 -101.678 -101.184
-100.661 -101.442 -101.621 -101.084
-101.142 -101.826 -102.169 -101.913
-103.797 -97.726 -97.689 -97.389
-103.468 -99.289 -99.826 -99.678
-101.509 -101.132 -100.640 -100.546
-101.111 -101.368 -101.560 -100.970
-100.034 -100.828 -100.816 -100.301
-99.729 -101.265 -101.411 -101.205
-101.104 -101.638 -101.141 -100.922
-101.409 -102.728 -102.096 -101.773
-98.580 -100.901 -101.192 -100.752
-98.882 -99.438 -99.226 -98.777
-99.307 -100.565 -100.389 -100.129
-100.848 -99.555 -99.568 -99.391
-98.781 -99.709 -99.993 -99.715
-101.654 -101.683 -101.632 -101.505
-100.181 -100.623 -100.262 -100.230
-100.894 -101.044 -101.047 -100.833
-101.648 -101.876 -101.955 -101.627
-102.623 -100.217 -100.368 -100.306
-99.478 -100.526 -100.567 -100.287
-101.634 -101.639 -101.358 -101.017
-105.289 -98.874 -99.380 -99.223
-100.389 -101.194 -100.646 -100.342
-99.763 -100.381 -100.391 -100.130
-101.489 -101.606 -101.674 -101.099
-101.611 -101.793 -101.816 -101.563
-100.103 -101.322 -101.642 -101.301
-100.941 -101.672 -101.395 -101.112
-97.902 -100.742 -101.563 -101.236
-99.412 -99.447 -99.054 -98.835
-100.159 -100.060 -100.152 -99.930
-100.079 -100.552 -100.867 -100.562
-99.511 -100.397 -100.243 -99.867
-101.654 -101.670 -101.622 -101.489
-100.779 -100.958 -101.026 -100.808
-101.501 -101.680 -101.682 -101.421
-100.668 -101.778 -101.114 -100.899
-96.949 -101.069 -101.667 -101.595
-102.210 -102.007 -102.013 -101.764
-100.622 -100.679 -100.695 -100.297
-99.343 -99.403 -99.042 -98.827
-101.198 -101.484 -100.076 -99.767
-100.457 -100.482 -100.445 -100.064
-101.198 -101.520 -100.130 -99.796
-100.779 -100.951 -100.993 -100.760
-99.651 -99.715 -99.757 -99.633
-101.634 -101.645 -101.364 -101.022
-99.781 -101.634 -101.828 -101.458
-98.570 -98.753 -98.606 -98.326
-100.395 -101.054 -101.091 -100.997
-101.680 -101.863 -101.460 -101.161
-100.666 -100.864 -100.753 -100.619
-99.643 -100.500 -100.572 -100.446
-101.521 -102.495 -103.043 -102.739
-101.198 -101.498 -100.168 -99.824
-100.441 -101.335 -101.320 -100.900
-101.000 -101.376 -101.460 -101.037
-100.800 -100.941 -100.931 -100.712
-98.829 -101.337 -101.334 -101.195
-99.533 -101.269 -101.458 -101.209
-99.311 -100.725 -100.640 -100.355
-101.065 -101.852 -102.460 -102.265
-98.582 -99.642 -99.778 -99.664
-100.283 -101.171 -101.191 -101.060
-98.481 -101.571 -101.921 -101.717
-100.231 -100.858 -100.871 -100.553
-99.204 -101.664 -102.128 -101.888
-99.766 -100.703 -101.346 -100.910
-99.190 -100.941 -101.158 -100.684
-100.047 -101.132 -101.312 -101.015
-99.838 -100.963 -101.044 -100.650
-100.197 -100.373 -99.992 -99.752
-100.188 -100.972 -100.984 -100.632
-99.771 -100.600 -100.978 -100.685
-99.014 -100.143 -100.166 -100.077
-98.915 -102.303 -102.650 -102.574
-100.506 -102.477 -102.838 -102.560
-99.303 -101.814 -102.504 -102.200
-100.846 -101.622 -101.649 -100.942
-100.313 -101.237 -101.613 -101.257
-100.182 -99.536 -99.281 -99.172
-99.718 -100.268 -100.289 -100.030
-100.627 -101.099 -101.181 -100.785
-98.413 -100.910 -100.983 -100.891
-100.750 -101.528 -101.192 -101.129
-98.884 -100.428 -100.626 -100.350
-99.338 -101.336 -101.467 -101.034
-98.837 -100.297 -100.208 -100.046
-100.993 -101.949 -102.433 -101.649
-100.448 -100.461 -100.469 -100.337
-100.212 -100.626 -100.656 -100.599
-99.178 -100.925 -101.031 -101.075
-101.326 -103.019 -103.036 -102.074
-99.854 -103.008 -103.112 -103.050
-99.846 -100.874 -100.918 -100.657
-99.159 -100.729 -100.992 -100.714
-91.923 -100.789 -100.030 -99.938
-47.623 -96.486 -98.087 -97.672
-99.044 -100.808 -100.923 -100.657
-100.371 -100.732 -100.590 -100.423
-44.811 -93.926 -95.208 -94.936
-100.284 -101.174 -100.988 -100.705
-100.599 -101.271 -100.870 -100.606
-100.266 -100.862 -100.888 -100.573
-99.892 -100.665 -100.670 -100.435
-99.076 -99.561 -99.593 -99.324
-101.213 -101.997 -101.838 -101.257
-102.324 -101.435 -101.413 -100.969
-101.199 -101.508 -101.447 -100.961
-103.236 -100.660 -100.648 -100.626
-99.608 -100.504 -100.717 -100.458
-101.335 -99.389 -99.385 -99.152
-99.646 -103.160 -103.176 -103.189
-99.324 -100.471 -100.552 -100.412
-102.723 -100.427 -100.546 -100.364
-99.571 -101.316 -101.243 -100.966
-102.095 -100.145 -100.107 -99.768
-98.791 -99.897 -99.627 -99.478
-99.622 -100.188 -100.234 -100.142
-100.062 -100.947 -101.320 -101.111
-100.277 -101.623 -101.628 -101.517
-100.693 -100.486 -100.510 -100.315
-101.086 -101.684 -101.916 -101.740
-99.655 -101.320 -101.389 -101.154
-102.449 -99.248 -99.082 -99.000
-100.605 -100.851 -100.570 -100.202
-99.496 -101.609 -101.774 -101.338
-99.726 -100.429 -100.303 -99.917
-98.483 -100.401 -100.456 -100.222
-99.412 -100.052 -100.489 -100.315
-104.043 -101.347 -100.404 -100.315
-100.214 -99.174 -99.237 -98.950
-101.681 -101.551 -101.577 -101.304
-99.848 -100.449 -100.467 -99.780
-99.763 -99.794 -99.836 -99.639
-101.681 -101.662 -101.672 -101.412
-101.666 -101.718 -101.214 -101.007
-102.075 -102.071 -101.478 -101.105
-99.084 -99.312 -99.707 -99.377
-99.814 -100.440 -100.390 -100.241
-101.406 -101.179 -100.680 -100.681
-101.519 -99.278 -99.539 -99.382
-97.962 -100.118 -100.522 -100.324
-102.224 -102.031 -102.035 -101.786
-98.927 -99.886 -99.903 -99.664
-101.163 -101.248 -101.578 -101.208
-101.880 -101.884 -101.926 -101.605
-100.250 -102.487 -102.721 -102.691
-101.755 -101.885 -100.454 -100.206
-100.339 -101.488 -101.618 -101.237
-101.649 -101.692 -101.641 -101.238
-100.138 -102.298 -102.317 -101.962
-99.491 -100.522 -100.745 -100.618
-100.727 -101.115 -101.959 -101.461
-101.934 -101.941 -102.444 -102.249
-99.814 -99.987 -100.183 -100.030
-99.572 -101.661 -101.330 -100.997
-102.224 -102.045 -102.055 -101.825
-101.681 -101.575 -101.591 -101.309
-101.145 -101.053 -101.075 -100.883
-99.729 -101.445 -101.454 -101.204
-101.649 -101.679 -101.640 -101.228
-99.491 -100.086 -99.951 -99.798
-100.138 -102.329 -102.239 -101.981
-98.521 -98.952 -99.172 -99.062
-100.444 -101.448 -101.485 -101.175
-99.261 -100.521 -100.647 -100.594
-99.531 -100.670 -101.152 -100.894
-99.786 -101.615 -101.341 -101.177
-95.113 -100.310 -100.758 -100.633
-103.836 -99.628 -99.972 -99.529
-101.724 -99.657 -99.903 -99.858
-99.462 -101.020 -101.019 -100.697
-99.927 -101.439 -101.476 -101.209
-99.167 -100.836 -100.769 -100.721
-101.747 -100.717 -100.945 -100.631
-99.146 -101.844 -101.492 -101.289
-102.763 -99.747 -99.947 -99.790
-100.753 -100.497 -100.507 -100.425
-99.044 -99.722 -99.678 -99.470
-103.623 -98.710 -98.971 -98.800
-100.137 -100.612 -100.720 -100.575
-98.079 -100.096 -100.263 -100.122
-99.504 -100.504 -100.540 -100.370
-99.305 -99.870 -99.850 -99.399
-99.854 -103.008 -103.112 -103.050
-101.097 -101.666 -101.705 -101.427
-101.065 -101.852 -102.460 -102.265
-99.637 -101.347 -101.147 -100.936
-100.468 -101.901 -101.918 -101.647
-99.063 -100.911 -100.952 -100.701
-99.904 -100.633 -100.751 -100.761
-101.326 -103.019 -103.036 -102.074
-99.781 -101.634 -101.828 -101.458
-103.162 -100.101 -100.203 -99.946
-99.886 -100.818 -101.287 -101.084
-99.757 -99.891 -99.747 -99.731
-99.127 -100.613 -100.856 -100.583
-100.408 -101.262 -101.337 -101.084
-99.447 -100.372 -100.393 -100.275
-101.068 -101.820 -101.870 -101.609
-100.212 -101.766 -101.907 -101.184
-99.970 -101.817 -101.827 -101.406
-99.237 -101.566 -101.857 -101.386
-98.318 -100.710 -99.825 -99.705
-99.929 -100.483 -100.569 -100.448
-99.709 -101.998 -102.157 -101.844
-99.047 -101.544 -101.601 -101.399
-99.124 -102.608 -102.687 -101.769
-99.995 -101.578 -101.299 -100.968
-101.092 -102.982 -102.982 -101.999
-98.158 -101.229 -100.072 -99.662
-95.348 -98.927 -99.759 -99.368
-99.845 -100.967 -99.783 -99.282
-98.500 -99.813 -100.089 -99.836
-100.123 -101.093 -101.217 -100.995
-102.329 -101.563 -102.011 -101.731
-99.632 -100.123 -99.927 -99.816
-100.816 -99.849 -100.107 -99.831
-99.829 -101.241 -101.562 -101.215
-99.688 -100.822 -100.927 -100.766
-99.285 -99.745 -99.913 -99.388
-104.187 -101.230 -101.435 -101.136
-101.037 -103.345 -103.200 -103.178
-100.674 -101.527 -101.132 -100.806
-100.400 -100.769 -101.153 -100.917
-99.368 -100.261 -100.299 -100.044
-99.432 -102.601 -103.164 -103.165
-101.810 -103.185 -102.934 -102.938
-101.005 -101.768 -101.161 -100.796
-103.052 -100.984 -101.010 -100.576
-98.972 -100.397 -100.346 -100.053
-99.312 -101.161 -101.557 -101.332
-98.954 -99.071 -99.093 -98.954
-99.949 -101.209 -101.285 -100.768
-100.112 -100.951 -101.026 -100.706
-100.780 -100.928 -100.980 -100.723
-100.233 -101.680 -101.905 -101.746
-99.360 -100.301 -100.370 -100.216
-100.181 -100.301 -100.272 -100.002
-103.972 -100.765 -100.896 -100.522
-99.956 -101.022 -101.153 -100.860
-100.759 -98.641 -98.452 -97.880
-99.251 -101.219 -101.200 -100.771
-96.306 -98.594 -99.212 -99.125
-99.015 -100.815 -101.145 -100.866
-101.619 -101.670 -101.785 -101.506
-101.220 -101.276 -101.603 -101.231
-101.379 -101.535 -101.548 -101.367
-104.937 -100.963 -100.913 -100.755
-100.520 -102.237 -102.303 -101.937
-100.964 -100.947 -100.650 -100.355
-96.485 -97.110 -96.101 -95.917
-98.001 -102.773 -102.954 -102.149
-100.597 -100.682 -100.914 -100.671
-101.889 -101.960 -101.975 -101.714
-99.972 -101.529 -102.028 -101.799
-98.710 -100.589 -100.480 -100.068
-102.096 -102.097 -102.638 -102.379
-100.313 -101.375 -101.751 -101.406
-101.301 -101.382 -101.716 -101.338
-100.511 -102.305 -102.398 -102.021
-93.041 -100.855 -101.599 -101.454
-96.679 -99.050 -99.281 -98.676
-101.314 -101.348 -101.621 -101.211
-100.228 -100.638 -99.855 -99.558
-101.693 -101.911 -101.959 -101.757
-101.544 -101.314 -101.375 -101.149
-99.063 -99.384 -99.352 -99.254
-100.963 -101.681 -101.948 -101.636
-101.245 -101.552 -101.541 -101.020
-100.879 -101.586 -101.728 -101.229
-102.366 -100.078 -100.179 -99.800
-99.978 -100.181 -100.219 -99.809
-101.392 -101.717 -101.780 -101.325
-101.120 -101.392 -101.412 -101.176
-100.704 -100.612 -100.630 -100.226
-101.638 -101.695 -101.855 -101.662
-101.344 -101.669 -101.681 -101.465
-98.889 -100.516 -100.600 -100.322
-101.080 -101.018 -101.041 -100.771
-100.245 -99.563 -99.563 -99.215
-101.772 -100.778 -101.271 -100.976
-98.883 -101.401 -101.542 -101.304
-98.611 -100.615 -100.630 -100.523
-98.841 -99.899 -99.908 -99.742
-98.986 -99.788 -99.633 -99.406
-98.974 -99.244 -99.167 -98.988
-100.907 -101.621 -101.631 -100.964
-98.237 -100.398 -100.662 -100.519
-98.961 -99.530 -99.767 -99.663
-99.398 -100.504 -100.625 -100.460
-101.412 -101.443 -100.288 -99.969
-101.604 -98.994 -99.077 -99.085
-100.532 -101.815 -101.999 -101.514
-101.517 -101.621 -100.283 -99.969
-98.253 -101.088 -101.916 -101.722
-100.664 -101.794 -101.680 -101.585
-100.407 -102.465 -102.833 -102.560
-99.854 -100.746 -100.016 -99.760
-100.049 -100.611 -100.676 -100.506
-98.420 -100.857 -100.926 -100.873
-101.195 -99.377 -99.568 -99.404
-102.534 -100.401 -100.586 -100.208
-96.374 -101.604 -102.272 -101.702
-99.401 -100.151 -100.072 -99.820
-101.558 -99.711 -99.849 -99.437
-100.608 -101.578 -101.125 -100.817
-99.646 -103.160 -103.176 -103.189
-101.934 -101.941 -102.444 -102.249
-98.862 -99.558 -99.562 -99.384
-101.092 -102.982 -102.982 -101.999
-98.044 -100.738 -100.703 -100.341
-100.174 -100.756 -100.771 -100.567
-101.068 -101.820 -101.870 -101.609
-101.681 -101.662 -101.672 -101.412
-100.138 -102.329 -102.239 -101.981
-100.339 -101.488 -101.618 -101.237
-101.163 -101.248 -101.578 -101.208
-102.075 -102.071 -101.478 -101.105
-100.393 -101.183 -101.271 -101.027
-100.408 -101.262 -101.337 -101.084
-102.488 -98.674 -99.180 -98.997
-99.929 -100.483 -100.569 -100.448
-101.086 -101.684 -101.916 -101.740
-99.572 -101.661 -101.330 -100.997
-99.167 -100.836 -100.769 -100.721
-102.095 -100.145 -100.107 -99.768
-98.318 -100.710 -99.825 -99.705
-99.970 -101.817 -101.827 -101.406
-99.146 -101.844 -101.492 -101.289
-99.637 -101.347 -101.147 -100.936
-100.981 -101.601 -101.933 -101.430
-100.110 -102.099 -101.564 -101.287
-98.694 -101.423 -101.841 -101.326
-100.409 -101.580 -101.598 -101.192
-99.500 -100.862 -100.891 -100.799
-99.331 -100.849 -100.958 -100.556
-99.977 -101.770 -101.936 -101.580
-97.020 -100.621 -100.971 -100.574
-96.361 -100.132 -101.009 -100.568
-100.007 -100.168 -100.203 -99.909
-97.805 -100.270 -100.322 -99.980
-100.754 -102.142 -102.335 -101.983
-98.223 -101.532 -101.226 -101.138
-101.689 -99.959 -100.199 -100.073
-99.542 -102.112 -101.861 -101.748
-94.934 -100.232 -100.002 -99.894
-91.030 -100.040 -99.595 -99.454
