  ID   Compositions    Enthalpies    Volumes    fitness1    fitness2  SYMM
                       (eV/atom)    (A^3/atom)    ()         
 684  [     1 12  ]     -7.9385     12.9253   -103.2009      -0.1539   139
1788  [     1 12  ]     -7.8618     13.1068   -102.2034      -0.1656   191
 164  [     1 12  ]     -7.8395     13.0172   -101.9130      -0.1677    12
 659  [     1 12  ]     -7.8242     12.7249   -101.7141      -0.1702    12
1010  [     1 12  ]     -7.7885     12.8068   -101.2511      -0.1725     1
1862  [     1 12  ]     -7.5849     13.5146    -98.6038      -0.1794     1
2384  [     1 12  ]     -7.9376     12.7885   -103.1892      -0.1534   139
2365  [     1 12  ]     -7.9269     12.8107   -103.0501      -0.1534     2
2160  [     1 12  ]     -7.8615     12.6345   -102.1998      -0.1596     2
1109  [     1 12  ]     -7.8585     13.3736   -102.1605      -0.1632     8
2615  [     1 12  ]     -7.8449     13.3622   -101.9831      -0.1647    12
1783  [     1 12  ]     -7.8389     13.1722   -101.8239      -0.1657    12
 966  [     1 12  ]     -7.8211     12.9500   -101.6747      -0.1664     1
1650  [     1 12  ]     -7.8128     13.2149   -101.5659      -0.1686     1
 863  [     1 12  ]     -7.8022     12.6074   -101.4290      -0.1695     2
2358  [     1 12  ]     -7.7718     12.7087   -101.0338      -0.1723     2
2372  [     1 12  ]     -7.3027     10.1872    -94.9356      -0.1787     1
2499  [     1 12  ]     -7.9357     13.0609   -103.1646      -0.1527    12
 745  [     1 12  ]     -7.8550     13.4228   -102.1149      -0.1618   191
1427  [     1 12  ]     -7.8438     12.0537   -101.9698      -0.1626   139
 692  [     1 12  ]     -7.8337     13.1392   -101.8387      -0.1635     2
 673  [     1 12  ]     -7.8186     12.5647   -101.6422      -0.1639     2
 919  [     1 12  ]     -7.8111     12.9889   -101.5438      -0.1656     1
2244  [     1 12  ]     -7.8038     11.5186   -101.4488      -0.1657     1
1075  [     1 12  ]     -7.7956     12.5712   -101.3432      -0.1669     1
1801  [     1 12  ]     -7.7781     13.1172   -101.1154      -0.1673     1
2409  [     1 12  ]     -7.7773     13.2573   -101.1054      -0.1685   160
1821  [     1 12  ]     -7.7625     12.5809   -100.9128      -0.1687     1
1940  [     1 12  ]     -7.7220     12.1404   -100.3866      -0.1692     6
2386  [     1 12  ]     -7.7203     12.3634   -100.3637      -0.1722     1
2500  [     1 12  ]     -7.9183     12.1900   -102.9382      -0.1482   139
 111  [     1 12  ]     -7.8542     13.4098   -102.1050      -0.1586     2
2522  [     1 12  ]     -7.8413     13.6363   -101.9368      -0.1621     2
2155  [     1 12  ]     -7.8324     12.9226   -101.8215      -0.1632     2
2479  [     1 12  ]     -7.7999     13.0015   -101.3989      -0.1643     8
2107  [     1 12  ]     -7.7710     12.8005   -101.0225      -0.1644     8
2095  [     1 12  ]     -7.7620     13.3639   -100.9057      -0.1661     8
2080  [     1 12  ]     -7.7608     12.8051   -100.8901      -0.1672     8
2420  [     1 12  ]     -7.7081     12.8614   -100.2059      -0.1680    42
2529  [     1 12  ]     -7.6975     13.1677   -100.0679      -0.1704     1
 802  [     1 12  ]     -7.9142     12.7680   -102.8844      -0.1375   139
 333  [     1 12  ]     -7.9135     12.6655   -102.8749      -0.1378   139
 239  [     1 12  ]     -7.9074     12.5216   -102.7965      -0.1393   139
 108  [     1 12  ]     -7.9007     12.6320   -102.7087      -0.1413    65
 758  [     1 12  ]     -7.8930     12.9290   -102.6089      -0.1434    47
  23  [     1 12  ]     -7.8813     13.1790   -102.4568      -0.1470    12
 427  [     1 12  ]     -7.8507     13.4681   -102.0597      -0.1572    10
1312  [     1 12  ]     -7.8399     13.7641   -101.9191      -0.1603    12
2480  [     1 12  ]     -7.8284     11.7777   -101.7695      -0.1631    12
1519  [     1 12  ]     -7.7279     13.2648   -100.4632      -0.1637     8
2503  [     1 12  ]     -7.6964     12.2165   -100.0534      -0.1658     1
2567  [     1 12  ]     -7.6900     12.9010    -99.9694      -0.1699     1
 443  [     1 12  ]     -7.9085     12.8287   -102.8101      -0.1368    69
1946  [     1 12  ]     -7.8861     13.2159   -102.5191      -0.1422   123
 789  [     1 12  ]     -7.8807     12.5240   -102.4493      -0.1425    12
 517  [     1 12  ]     -7.8645     12.5462   -102.2381      -0.1441    65
 466  [     1 12  ]     -7.8396     13.4595   -101.9148      -0.1603    12
1308  [     1 12  ]     -7.8221     12.6123   -101.6870      -0.1619     1
1902  [     1 12  ]     -7.7862     12.9047   -101.2203      -0.1620     2
2065  [     1 12  ]     -7.7759     12.8935   -101.0866      -0.1624     8
2545  [     1 12  ]     -7.6776     13.1891    -99.8091      -0.1687     1
 724  [     1 12  ]     -7.9019     13.0616   -102.7245      -0.1350    12
 977  [     1 12  ]     -7.8802     13.3241   -102.4420      -0.1370    12
1986  [     1 12  ]     -7.8748     13.1812   -102.3726      -0.1380    12
1149  [     1 12  ]     -7.8690     13.5880   -102.2971      -0.1413    12
  99  [     1 12  ]     -7.8352     12.8614   -101.8572      -0.1490    10
2568  [     1 12  ]     -7.8248     12.7610   -101.7223      -0.1573     8
2309  [     1 12  ]     -7.8150     13.7470   -101.5954      -0.1600     1
2517  [     1 12  ]     -7.7589     12.8820   -100.8662      -0.1604     1
2510  [     1 12  ]     -7.7089     12.7025   -100.2158      -0.1621     1
2301  [     1 12  ]     -7.6027     13.2727    -98.8352      -0.1662     8
 438  [     1 12  ]     -7.9011     13.1317   -102.7143      -0.1344    69
1585  [     1 12  ]     -7.8965     13.0883   -102.6539      -0.1344    12
 159  [     1 12  ]     -7.8906     13.1609   -102.5784      -0.1345    12
 748  [     1 12  ]     -7.8720     13.1293   -102.3364      -0.1379     2
2020  [     1 12  ]     -7.8348     12.9552   -101.8525      -0.1454     2
1348  [     1 12  ]     -7.8069     13.3154   -101.4901      -0.1600     6
2019  [     1 12  ]     -7.6541     11.9403    -99.5031      -0.1610     1
 287  [     1 12  ]     -7.5886     13.2726    -98.6514      -0.1655     6
  79  [     1 12  ]     -7.8556     12.6951   -102.1234      -0.1373     8
2488  [     1 12  ]     -7.8255     11.5193   -101.7310      -0.1417   123
2202  [     1 12  ]     -7.8049     12.2288   -101.4636      -0.1508    12
2604  [     1 12  ]     -7.8023     13.1233   -101.4065      -0.1573     6
2001  [     1 12  ]     -7.7796     12.4794   -101.1347      -0.1593    10
2008  [     1 12  ]     -7.7760     13.0064   -101.0876      -0.1597     2
1849  [     1 12  ]     -7.6278     11.1305    -99.1611      -0.1599     8
1212  [     1 12  ]     -7.5675     11.5243    -98.3769      -0.1628     1
 741  [     1 12  ]     -7.8046     13.1075   -101.4595      -0.1450     8
1828  [     1 12  ]     -7.7933     12.3221   -101.3123      -0.1491    12
2448  [     1 12  ]     -7.7915     12.8349   -101.2892      -0.1554    12
1945  [     1 12  ]     -7.7704     12.5847   -101.0151      -0.1586     1
2002  [     1 12  ]     -7.7551     12.7670   -100.8164      -0.1589     8
2371  [     1 12  ]     -7.7248     13.8397   -100.4228      -0.1593     1
2247  [     1 12  ]     -7.7821     12.6711   -101.1669      -0.1431     6
 754  [     1 12  ]     -7.7720     13.1561   -101.0362      -0.1530    38
2408  [     1 12  ]     -7.7698     13.8361   -101.0070      -0.1553     8
1835  [     1 12  ]     -7.7492     12.7943   -100.7401      -0.1570     2
1597  [     1 12  ]     -7.7485     12.7976   -100.7304      -0.1570   160
2069  [     1 12  ]     -7.7411     12.5655   -100.6342      -0.1580     2
1713  [     1 12  ]     -7.7087     13.4445   -100.2131      -0.1590     1
2129  [     1 12  ]     -7.7595     12.5975   -100.8733      -0.1541     8
2091  [     1 12  ]     -7.7477     12.9115   -100.7201      -0.1555     8
1545  [     1 12  ]     -7.6981     12.4751   -100.0753      -0.1555     8
2490  [     1 12  ]     -7.6793     11.4013    -99.8310      -0.1560     1
1054  [     1 12  ]     -7.6640     12.8918    -99.6317      -0.1565     1
2442  [     1 12  ]     -7.6561     11.7701    -99.5290      -0.1585     1
2119  [     1 12  ]     -7.7553     12.7317   -100.8193      -0.1353     2
1960  [     1 12  ]     -7.7481     13.1773   -100.7249      -0.1459     6
1696  [     1 12  ]     -7.7302     12.6931   -100.4926      -0.1549     8
 150  [     1 12  ]     -7.6495     14.0146    -99.4431      -0.1584    35
1019  [     1 12  ]     -7.7455     11.4819   -100.6920      -0.1260   183
2182  [     1 12  ]     -7.7454     12.5814   -100.6903      -0.1389     8
2502  [     1 12  ]     -7.7366     12.2827   -100.5760      -0.1425     1
2152  [     1 12  ]     -7.7277     12.4930   -100.4596      -0.1472     2
2178  [     1 12  ]     -7.7230     13.7487   -100.3996      -0.1515     1
2397  [     1 12  ]     -7.7079     13.3362   -100.2024      -0.1538     1
2571  [     1 12  ]     -7.6738     12.2462    -99.7600      -0.1544     2
 727  [     1 12  ]     -7.6459     12.1627    -99.3963      -0.1559     1
2410  [     1 12  ]     -7.6444     13.3679    -99.3768      -0.1581     6
2248  [     1 12  ]     -7.7433     13.1577   -100.6623      -0.1310     8
  54  [     1 12  ]     -7.7196     12.8218   -100.3543      -0.1452     8
2117  [     1 12  ]     -7.7181     13.4639   -100.3351      -0.1471     1
 970  [     1 12  ]     -7.6647     13.1938    -99.6405      -0.1472     8
2537  [     1 12  ]     -7.6583     13.5548    -99.5582      -0.1501    12
 968  [     1 12  ]     -7.6324     13.3648    -99.2210      -0.1515     1
2594  [     1 12  ]     -7.6152     12.0524    -98.9974      -0.1538     1
 688  [     1 12  ]     -7.9383     13.1155    -38.1186      -0.1546   139
2374  [     1 12  ]     -7.7389     12.5955   -100.6061      -0.1293    12
