MagMoment 
(eV/A^3) 
 0.116 
 0.151 
 0.127 
 0.153 
 0.153 
 0.142 
 0.148 
 0.154 
 0.006 
 0.166 
 0.128 
 0.164 
 0.141 
 0.129 
 0.109 
 0.154 
 0.138 
 0.156 
 0.159 
 0.141 
 0.165 
 0.160 
 0.147 
 0.142 
 0.162 
 0.136 
 0.134 
 0.159 
 0.165 
 0.132 
 0.158 
 0.047 
 0.163 
 0.141 
 0.144 
 0.150 
 0.143 
 0.164 
 0.150 
 0.165 
 0.050 
 0.154 
 0.155 
 0.167 
 0.119 
 0.143 
 0.131 
 0.158 
 0.162 
 0.158 
 0.155 
 0.115 
 0.057 
 0.145 
 0.148 
 0.125 
 0.164 
 0.158 
 0.160 
 0.102 
 0.170 
 0.125 
 0.164 
 0.167 
 0.164 
 0.124 
 0.138 
 0.147 
 0.158 
 0.133 
 0.160 
 0.111 
 0.141 
 0.157 
 0.149 
 0.153 
 0.157 
 0.129 
 0.137 
 0.167 
 0.157 
 0.093 
 0.156 
 0.155 
 0.141 
 0.156 
 0.152 
 0.168 
 0.110 
 0.166 
 0.150 
 0.160 
 0.148 
 0.149 
 0.129 
 0.165 
 0.154 
 0.100 
 0.149 
 0.163 
 0.159 
 0.149 
 0.152 
 0.131 
 0.118 
 0.132 
 0.144 
 0.141 
 0.164 
 0.148 
 0.159 
 0.166 
 0.162 
 0.118 
 0.159 
 0.163 
 0.154 
 0.157 
 0.162 
 0.173 
 0.162 
 0.133 
 0.137 
 0.149 
 0.173 
 0.137 
 0.143 
 0.146 
 0.127 
 0.123 
 0.149 
 0.165 
 0.086 
 0.112 
 0.159 
 0.158 
 0.168 
 0.145 
 0.150 
 0.141 
 0.164 
 0.149 
 0.159 
 0.166 
 0.162 
 0.141 
 0.149 
 0.167 
 0.157 
 0.158 
 0.160 
 0.138 
 0.156 
 0.167 
 0.163 
 0.165 
 0.170 
 0.167 
 0.135 
 0.162 
 0.168 
 0.157 
 0.160 
 0.168 
 0.166 
 0.144 
 0.161 
 0.166 
 0.145 
 0.166 
 0.132 
 0.163 
 0.144 
 0.129 
 0.133 
 0.163 
 0.161 
 0.161 
 0.160 
 0.162 
 0.147 
 0.131 
 0.152 
 0.150 
 0.147 
 0.146 
 0.159 
 0.168 
 0.167 
 0.168 
 0.162 
 0.143 
 0.170 
 0.160 
 0.141 
 0.158 
 0.144 
 0.137 
 0.119 
 0.154 
 0.170 
 0.158 
 0.123 
 0.164 
 0.152 
 0.161 
 0.140 
 0.149 
 0.158 
 0.048 
 0.165 
 0.166 
 0.150 
 0.151 
 0.149 
 0.152 
 0.151 
 0.133 
 0.160 
 0.150 
 0.153 
 0.116 
 0.137 
 0.161 
 0.168 
 0.136 
 0.154 
 0.166 
 0.159 
 0.166 
 0.161 
 0.154 
 0.128 
 0.139 
 0.141 
 0.160 
 0.156 
 0.126 
 0.139 
 0.139 
 0.166 
 0.155 
 0.166 
 0.166 
 0.152 
 0.169 
 0.162 
 0.162 
 0.167 
 0.173 
 0.123 
 0.140 
 0.163 
 0.161 
 0.164 
 0.168 
 0.123 
 0.167 
 0.140 
 0.148 
 0.116 
 0.136 
 0.152 
 0.157 
 0.163 
 0.163 
 0.145 
 0.130 
 0.168 
 0.164 
 0.160 
 0.162 
 0.153 
 0.154 
 0.165 
 0.169 
 0.167 
 0.158 
 0.158 
 0.139 
 0.152 
 0.162 
 0.141 
 0.153 
 0.169 
 0.164 
 0.165 
 0.171 
 0.159 
 0.166 
 0.150 
 0.157 
 0.167 
 0.138 
 0.155 
 0.150 
 0.151 
 0.156 
 0.164 
 0.167 
 0.155 
 0.150 
 0.154 
 0.163 
 0.083 
 0.103 
 0.170 
 0.144 
 0.147 
 0.160 
 0.161 
 0.157 
 0.161 
 0.159 
 0.159 
 0.164 
 0.160 
 0.146 
 0.165 
 0.166 
 0.158 
 0.156 
 0.114 
 0.172 
 0.164 
 0.160 
 0.150 
 0.139 
 0.069 
 0.147 
 0.152 
 0.140 
 0.138 
 0.159 
 0.168 
 0.170 
 0.170 
 0.135 
 0.151 
 0.171 
 0.157 
 0.160 
 0.143 
 0.139 
 0.161 
 0.169 
 0.127 
 0.151 
 0.163 
 0.139 
 0.159 
 0.159 
 0.162 
 0.146 
 0.163 
 0.140 
 0.167 
 0.164 
 0.151 
 0.154 
 0.170 
 0.148 
 0.152 
 0.164 
 0.158 
 0.163 
 0.168 
 0.134 
 0.159 
 0.167 
 0.162 
 0.153 
 0.166 
 0.165 
 0.152 
 0.140 
 0.156 
 0.157 
 0.166 
 0.154 
 0.153 
 0.146 
 0.139 
 0.167 
 0.162 
 0.153 
 0.143 
 0.133 
 0.145 
 0.152 
 0.147 
 0.159 
 0.148 
 0.137 
 0.159 
 0.149 
 0.143 
 0.170 
 0.155 
 0.163 
 0.134 
 0.163 
 0.160 
 0.168 
 0.166 
 0.161 
 0.166 
 0.165 
 0.154 
 0.166 
 0.148 
 0.152 
 0.130 
 0.167 
 0.123 
 0.150 
 0.158 
 0.144 
 0.139 
 0.140 
 0.158 
 0.162 
 0.159 
 0.162 
 0.155 
 0.167 
 0.157 
 0.157 
 0.166 
 0.166 
 0.168 
 0.153 
 0.152 
 0.170 
 0.167 
 0.166 
 0.162 
 0.134 
 0.138 
 0.168 
 0.160 
 0.170 
 0.137 
 0.171 
 0.170 
 0.169 
 0.170 
 0.166 
 0.149 
 0.165 
 0.161 
 0.148 
 0.141 
 0.153 
 0.149 
 0.151 
 0.150 
 0.140 
 0.160 
 0.163 
 0.155 
 0.154 
 0.122 
 0.160 
 0.163 
 0.160 
 0.160 
 0.167 
 0.169 
 0.166 
 0.164 
 0.142 
 0.161 
 0.160 
 0.154 
 0.145 
 0.157 
 0.160 
 0.142 
 0.158 
 0.168 
 0.169 
 0.160 
 0.169 
 0.161 
 0.153 
 0.161 
 0.168 
 0.169 
 0.157 
 0.115 
 0.148 
 0.140 
 0.169 
 0.158 
 0.089 
 0.158 
 0.071 
 0.155 
 0.131 
 0.165 
 0.154 
 0.171 
 0.164 
 0.164 
 0.161 
 0.130 
 0.165 
 0.162 
 0.165 
 0.148 
 0.171 
 0.162 
 0.160 
 0.162 
 0.155 
 0.144 
 0.160 
 0.160 
 0.161 
 0.169 
 0.142 
 0.165 
 0.161 
 0.143 
 0.166 
 0.139 
 0.142 
 0.161 
 0.154 
 0.155 
 0.165 
 0.172 
 0.139 
 0.168 
 0.153 
 0.150 
 0.145 
 0.163 
 0.146 
 0.141 
 0.166 
 0.161 
 0.161 
 0.163 
 0.163 
 0.169 
 0.138 
 0.158 
 0.157 
 0.151 
 0.130 
 0.165 
 0.151 
 0.127 
 0.157 
 0.144 
 0.162 
 0.147 
 0.167 
 0.158 
 0.162 
 0.159 
 0.171 
 0.166 
 0.166 
 0.152 
 0.054 
 0.151 
 0.163 
 0.164 
 0.163 
 0.158 
 0.134 
 0.117 
 0.135 
 0.158 
 0.161 
 0.162 
 0.143 
 0.163 
 0.153 
 0.164 
 0.158 
 0.162 
 0.169 
 0.167 
 0.171 
 0.160 
 0.164 
 0.166 
 0.166 
 0.172 
 0.138 
 0.170 
 0.138 
 0.166 
 0.170 
 0.171 
 0.166 
 0.172 
 0.164 
 0.165 
 0.171 
 0.141 
 0.166 
 0.036 
 0.163 
 0.160 
 0.123 
 0.142 
 0.147 
 0.162 
 0.106 
 0.161 
 0.145 
 0.153 
 0.145 
 0.149 
 0.123 
 0.162 
 0.162 
 0.158 
 0.158 
 0.141 
 0.121 
 0.160 
 0.106 
 0.169 
 0.139 
 0.148 
 0.157 
 0.153 
 0.154 
 0.166 
 0.169 
 0.153 
 0.140 
 0.160 
 0.147 
 0.151 
 0.139 
 0.173 
 0.163 
 0.146 
 0.167 
 0.167 
 0.149 
 0.166 
 0.171 
 0.137 
 0.139 
 0.169 
 0.143 
 0.144 
 0.147 
 0.162 
 0.167 
 0.170 
 0.160 
 0.162 
 0.141 
 0.163 
 0.168 
 0.153 
 0.151 
 0.162 
 0.168 
 0.162 
 0.168 
 0.156 
 0.166 
 0.164 
 0.162 
 0.154 
 0.152 
 0.167 
 0.160 
 0.136 
 0.171 
 0.161 
 0.168 
 0.165 
 0.154 
 0.156 
 0.153 
 0.158 
 0.155 
 0.153 
 0.159 
 0.144 
 0.163 
 0.148 
 0.169 
 0.163 
 0.162 
 0.168 
 0.153 
 0.160 
 0.166 
 0.160 
 0.165 
 0.145 
 0.163 
 0.154 
 0.148 
 0.161 
 0.160 
 0.155 
 0.161 
 0.160 
 0.150 
 0.171 
 0.165 
 0.155 
 0.168 
 0.167 
 0.146 
 0.159 
 0.150 
 0.162 
 0.163 
 0.156 
 0.135 
 0.148 
 0.151 
 0.156 
 0.127 
 0.167 
 0.160 
 0.164 
 0.162 
 0.136 
 0.163 
 0.169 
 0.108 
 0.055 
 0.153 
 0.163 
 0.126 
 0.145 
 0.170 
 0.165 
 0.170 
 0.162 
 0.165 
 0.144 
 0.138 
 0.163 
 0.162 
 0.171 
 0.170 
 0.142 
 0.153 
 0.168 
 0.160 
 0.165 
 0.143 
 0.170 
 0.168 
 0.152 
 0.162 
 0.171 
 0.163 
 0.161 
 0.127 
 0.165 
 0.141 
 0.166 
 0.149 
 0.154 
 0.150 
 0.139 
 0.153 
 0.111 
 0.160 
 0.118 
 0.158 
 0.147 
 0.156 
 0.106 
 0.161 
 0.150 
 0.173 
 0.164 
 0.139 
 0.166 
 0.161 
 0.142 
 0.170 
 0.147 
 0.124 
 0.161 
 0.158 
 0.166 
 0.156 
 0.157 
 0.162 
 0.162 
 0.159 
 0.165 
 0.138 
 0.154 
 0.163 
 0.153 
 0.163 
 0.167 
 0.170 
 0.171 
 0.173 
 0.126 
 0.160 
 0.164 
 0.166 
 0.171 
 0.138 
 0.146 
 0.147 
 0.162 
 0.163 
 0.165 
 0.166 
 0.167 
 0.161 
 0.156 
 0.168 
 0.163 
 0.136 
 0.141 
 0.151 
 0.146 
 0.137 
 0.166 
 0.163 
 0.154 
 0.159 
 0.163 
 0.163 
 0.149 
 0.146 
 0.161 
 0.160 
 0.118 
 0.160 
 0.167 
 0.157 
 0.160 
 0.164 
 0.156 
 0.164 
 0.154 
 0.159 
 0.148 
 0.167 
 0.168 
 0.169 
 0.154 
 0.157 
 0.169 
 0.159 
 0.161 
 0.167 
 0.170 
 0.167 
 0.156 
 0.163 
 0.161 
 0.165 
 0.153 
 0.165 
 0.162 
 0.165 
 0.166 
 0.170 
 0.162 
 0.158 
 0.162 
 0.159 
 0.161 
 0.161 
 0.146 
 0.167 
 0.150 
 0.163 
 0.138 
 0.163 
 0.164 
 0.157 
 0.142 
 0.166 
 0.150 
 0.163 
 0.120 
 0.161 
 0.153 
 0.159 
 0.146 
 0.152 
 0.166 
 0.166 
 0.162 
 0.165 
 0.160 
 0.151 
 0.168 
 0.157 
 0.168 
 0.164 
 0.163 
 0.156 
 0.154 
 0.160 
 0.169 
 0.159 
 0.150 
 0.152 
 0.166 
 0.167 
 0.166 
 0.156 
 0.170 
 0.169 
 0.155 
 0.154 
 0.144 
 0.169 
 0.168 
 0.157 
 0.165 
 0.152 
 0.145 
 0.171 
 0.138 
 0.161 
 0.175 
 0.160 
 0.150 
 0.146 
 0.138 
 0.154 
 0.162 
 0.149 
 0.137 
 0.142 
 0.154 
 0.162 
 0.162 
 0.166 
 0.148 
 0.154 
 0.140 
 0.157 
 0.151 
 0.146 
 0.152 
 0.103 
 0.087 
 0.152 
 0.171 
 0.067 
 0.165 
 0.168 
 0.168 
 0.156 
 0.164 
 0.166 
 0.151 
 0.151 
 0.169 
 0.147 
 0.158 
 0.168 
 0.171 
 0.165 
 0.144 
 0.166 
 0.137 
 0.171 
 0.167 
 0.163 
 0.163 
 0.165 
 0.169 
 0.145 
 0.163 
 0.148 
 0.154 
 0.156 
 0.160 
 0.143 
 0.167 
 0.170 
 0.151 
 0.113 
 0.131 
 0.154 
 0.165 
 0.151 
 0.062 
 0.162 
 0.170 
 0.159 
 0.160 
 0.165 
 0.160 
 0.168 
 0.147 
 0.145 
 0.147 
 0.173 
 0.148 
 0.169 
 0.149 
 0.127 
 0.130 
 0.161 
 0.161 
 0.161 
 0.126 
 0.163 
 0.154 
 0.162 
 0.162 
 0.163 
 0.163 
 0.159 
 0.170 
 0.138 
 0.146 
 0.159 
 0.157 
 0.162 
 0.165 
 0.164 
 0.167 
 0.153 
 0.161 
 0.146 
 0.151 
 0.160 
 0.166 
 0.164 
 0.159 
 0.137 
 0.166 
 0.169 
 0.163 
 0.165 
 0.150 
 0.160 
 0.161 
 0.169 
 0.162 
 0.156 
 0.160 
 0.168 
 0.167 
 0.164 
 0.158 
 0.160 
 0.137 
 0.160 
 0.159 
 0.159 
 0.148 
 0.161 
 0.169 
 0.153 
 0.167 
 0.162 
 0.167 
 0.157 
 0.161 
 0.167 
 0.167 
 0.162 
 0.157 
 0.165 
 0.160 
 0.122 
 0.162 
 0.161 
 0.156 
 0.151 
 0.164 
 0.163 
 0.163 
 0.150 
 0.147 
 0.161 
 0.165 
 0.150 
 0.168 
 0.158 
 0.162 
 0.162 
 0.160 
 0.150 
 0.161 
 0.164 
 0.156 
 0.154 
 0.149 
 0.168 
 0.166 
 0.149 
 0.148 
 0.143 
 0.163 
 0.163 
 0.162 
 0.164 
 0.156 
 0.164 
 0.155 
 0.158 
 0.155 
 0.130 
 0.158 
 0.166 
 0.154 
 0.148 
 0.160 
 0.154 
 0.158 
 0.141 
 0.150 
 0.156 
 0.161 
 0.157 
 0.163 
 0.127 
 0.167 
 0.149 
 0.155 
 0.160 
 0.160 
 0.150 
 0.117 
 0.138 
 0.157 
 0.139 
 0.161 
 0.160 
 0.161 
 0.158 
 0.163 
 0.160 
 0.141 
 0.168 
 0.169 
 0.172 
 0.160 
 0.158 
 0.167 
 0.168 
 0.163 
 0.153 
 0.167 
 0.166 
 0.165 
 0.151 
 0.166 
 0.150 
 0.164 
 0.174 
 0.165 
 0.140 
 0.150 
 0.171 
 0.162 
 0.149 
 0.142 
 0.122 
 0.141 
 0.039 
 0.166 
 0.168 
 0.153 
 0.136 
 0.162 
 0.150 
 0.119 
 0.162 
 0.151 
 0.134 
 0.164 
 0.150 
 0.166 
 0.142 
 0.165 
 0.142 
 0.135 
 0.153 
 0.150 
 0.150 
 0.139 
 0.152 
 0.165 
 0.159 
 0.154 
 0.159 
 0.166 
 0.161 
 0.119 
 0.148 
 0.150 
 0.166 
 0.157 
 0.164 
 0.099 
 0.163 
 0.137 
 0.168 
 0.152 
 0.163 
 0.169 
 0.171 
 0.175 
 0.137 
 0.165 
 0.166 
 0.168 
 0.169 
 0.173 
 0.162 
 0.169 
 0.168 
 0.151 
 0.168 
 0.169 
 0.170 
 0.164 
 0.167 
 0.157 
 0.164 
 0.165 
 0.149 
 0.158 
 0.175 
 0.172 
 0.175 
 0.167 
 0.166 
 0.157 
 0.163 
 0.161 
 0.144 
 0.167 
 0.170 
 0.119 
 0.169 
 0.161 
 0.158 
 0.154 
 0.156 
 0.163 
 0.168 
 0.163 
 0.156 
 0.163 
 0.167 
 0.167 
 0.160 
 0.157 
 0.159 
 0.166 
 0.139 
 0.159 
 0.149 
 0.147 
 0.157 
 0.158 
 0.147 
 0.165 
 0.147 
 0.162 
 0.157 
 0.163 
 0.163 
 0.164 
 0.146 
 0.170 
 0.156 
 0.162 
 0.167 
 0.145 
 0.166 
 0.168 
 0.170 
 0.161 
 0.171 
 0.168 
 0.157 
 0.158 
 0.137 
 0.165 
 0.157 
 0.171 
 0.149 
 0.152 
 0.168 
 0.151 
 0.157 
 0.139 
 0.166 
 0.166 
 0.162 
 0.149 
 0.160 
 0.137 
 0.160 
 0.164 
 0.157 
 0.148 
 0.156 
 0.157 
 0.162 
 0.141 
 0.164 
 0.156 
 0.157 
 0.171 
 0.154 
 0.155 
 0.153 
 0.158 
 0.130 
 0.166 
 0.144 
 0.144 
 0.164 
 0.164 
 0.129 
 0.165 
 0.156 
 0.161 
 0.149 
 0.155 
 0.165 
 0.172 
 0.165 
 0.166 
 0.170 
 0.171 
 0.147 
 0.144 
 0.160 
 0.123 
 0.115 
 0.163 
 0.153 
 0.163 
 0.168 
 0.173 
 0.159 
 0.171 
 0.159 
 0.159 
 0.163 
 0.168 
 0.168 
 0.168 
 0.157 
 0.164 
 0.166 
 0.167 
 0.164 
 0.169 
 0.157 
 0.158 
 0.118 
 0.163 
 0.173 
 0.167 
 0.171 
 0.165 
 0.157 
 0.163 
 0.158 
 0.148 
 0.170 
 0.153 
 0.129 
 0.121 
 0.145 
 0.130 
 0.146 
 0.164 
 0.152 
 0.155 
 0.119 
 0.100 
 0.157 
 0.151 
 0.159 
 0.166 
 0.160 
 0.164 
 0.162 
 0.138 
 0.162 
 0.091 
 0.127 
 0.136 
 0.133 
 0.144 
 0.140 
 0.148 
 0.127 
 0.161 
 0.166 
 0.139 
 0.139 
 0.161 
 0.157 
 0.150 
 0.154 
 0.160 
 0.163 
 0.167 
 0.167 
 0.168 
 0.155 
 0.172 
 0.152 
 0.163 
 0.141 
 0.168 
 0.109 
 0.162 
 0.153 
 0.165 
 0.165 
 0.159 
 0.152 
 0.160 
 0.165 
 0.155 
 0.166 
 0.149 
 0.163 
 0.164 
 0.154 
 0.164 
 0.163 
 0.160 
 0.166 
 0.163 
 0.180 
 0.158 
 0.168 
 0.161 
 0.167 
 0.156 
 0.163 
 0.162 
 0.167 
 0.162 
 0.148 
 0.159 
 0.159 
 0.152 
 0.167 
 0.164 
 0.155 
 0.163 
 0.168 
 0.154 
 0.163 
 0.163 
 0.154 
 0.171 
 0.161 
 0.161 
 0.166 
 0.162 
 0.156 
 0.165 
 0.168 
 0.168 
 0.156 
 0.148 
 0.158 
 0.163 
 0.158 
 0.163 
 0.163 
 0.164 
 0.159 
 0.160 
 0.169 
 0.155 
 0.162 
 0.167 
 0.169 
 0.163 
 0.160 
 0.167 
 0.169 
 0.154 
 0.162 
 0.167 
 0.164 
 0.119 
 0.120 
 0.152 
 0.171 
 0.164 
 0.169 
 0.164 
 0.169 
 0.169 
 0.166 
 0.161 
 0.165 
 0.158 
 0.166 
 0.164 
 0.165 
 0.148 
 0.142 
 0.164 
 0.163 
 0.161 
 0.164 
 0.161 
 0.154 
 0.167 
 0.159 
 0.170 
 0.162 
 0.160 
 0.152 
 0.167 
 0.165 
 0.152 
 0.165 
 0.161 
 0.165 
 0.164 
 0.163 
 0.155 
 0.151 
 0.156 
 0.163 
 0.155 
 0.161 
 0.153 
 0.146 
 0.168 
 0.154 
 0.141 
 0.144 
 0.157 
 0.115 
 0.158 
 0.144 
 0.171 
 0.166 
 0.171 
 0.145 
 0.165 
 0.158 
 0.162 
 0.154 
 0.165 
 0.165 
 0.165 
 0.165 
 0.166 
 0.143 
 0.156 
 0.161 
 0.159 
 0.118 
 0.161 
 0.157 
 0.166 
 0.156 
 0.166 
 0.171 
 0.161 
 0.168 
 0.134 
 0.167 
 0.168 
 0.156 
 0.174 
 0.166 
 0.157 
 0.173 
 0.170 
 0.157 
 0.159 
 0.163 
 0.157 
 0.132 
 0.168 
 0.156 
 0.131 
 0.142 
 0.140 
 0.110 
 0.155 
 0.162 
 0.163 
 0.170 
 0.157 
 0.161 
 0.115 
 0.148 
 0.156 
 0.161 
 0.173 
 0.169 
 0.133 
 0.144 
 0.159 
 0.161 
 0.160 
 0.170 
 0.163 
 0.145 
 0.148 
 0.166 
 0.168 
 0.153 
 0.174 
 0.168 
 0.117 
 0.159 
 0.168 
 0.145 
 0.111 
 0.168 
 0.150 
 0.140 
 0.160 
 0.142 
 0.166 
 0.167 
 0.155 
 0.142 
 0.176 
 0.148 
 0.157 
 0.158 
 0.167 
 0.169 
 0.156 
 0.133 
 0.171 
 0.154 
 0.166 
 0.168 
 0.170 
 0.161 
 0.161 
 0.162 
 0.160 
 0.167 
 0.153 
 0.169 
 0.155 
 0.158 
 0.161 
 0.161 
 0.157 
 0.162 
 0.169 
 0.165 
 0.157 
 0.159 
 0.158 
 0.162 
 0.168 
 0.159 
 0.150 
 0.162 
 0.163 
 0.163 
 0.155 
 0.161 
 0.162 
 0.157 
 0.170 
 0.156 
 0.122 
 0.156 
 0.167 
 0.163 
 0.162 
 0.153 
 0.168 
 0.155 
 0.154 
 0.159 
 0.157 
 0.154 
 0.156 
 0.152 
 0.168 
 0.164 
 0.162 
 0.160 
 0.162 
 0.161 
 0.150 
 0.157 
 0.157 
 0.157 
 0.159 
 0.166 
 0.150 
 0.170 
 0.163 
 0.165 
 0.164 
 0.165 
 0.161 
 0.163 
 0.154 
 0.162 
 0.157 
 0.160 
 0.156 
 0.157 
 0.157 
 0.155 
 0.165 
 0.167 
 0.159 
 0.156 
 0.167 
 0.156 
 0.156 
 0.165 
 0.139 
 0.164 
 0.165 
 0.166 
 0.140 
 0.147 
 0.170 
 0.165 
 0.163 
 0.168 
 0.163 
 0.149 
 0.153 
 0.163 
 0.171 
 0.158 
 0.167 
 0.170 
 0.154 
 0.168 
 0.160 
 0.154 
 0.156 
 0.157 
 0.145 
 0.165 
 0.126 
 0.155 
 0.148 
 0.160 
 0.159 
 0.159 
 0.161 
 0.152 
 0.159 
 0.165 
 0.145 
 0.149 
 0.162 
 0.140 
 0.165 
 0.089 
 0.165 
 0.166 
 0.166 
 0.164 
 0.168 
 0.138 
 0.169 
 0.166 
 0.172 
 0.140 
 0.130 
 0.170 
 0.165 
 0.170 
 0.167 
 0.159 
 0.165 
 0.159 
 0.140 
 0.163 
 0.167 
 0.168 
 0.160 
 0.167 
 0.163 
 0.154 
 0.149 
 0.130 
 0.167 
 0.139 
 0.163 
 0.140 
 0.165 
 0.147 
 0.148 
 0.167 
 0.168 
 0.143 
 0.126 
 0.170 
 0.169 
 0.144 
 0.160 
 0.151 
 0.084 
 0.165 
 0.135 
 0.149 
 0.172 
 0.157 
 0.165 
 0.134 
 0.169 
 0.156 
 0.157 
 0.167 
 0.170 
 0.133 
 0.171 
 0.072 
 0.173 
 0.148 
 0.133 
 0.157 
 0.147 
 0.166 
 0.149 
 0.156 
 0.160 
 0.139 
 0.136 
 0.152 
 0.170 
 0.164 
 0.140 
 0.118 
 0.149 
 0.168 
 0.139 
 0.175 
 0.127 
 0.179 
 0.157 
 0.166 
 0.159 
 0.160 
 0.166 
 0.161 
 0.078 
 0.157 
 0.156 
 0.161 
 0.165 
 0.156 
 0.157 
 0.165 
 0.158 
 0.157 
 0.171 
 0.155 
 0.108 
 0.169 
 0.140 
 0.136 
 0.164 
 0.170 
 0.167 
 0.166 
 0.151 
 0.160 
 0.161 
 0.167 
 0.129 
 0.153 
 0.162 
 0.166 
 0.161 
 0.153 
 0.168 
 0.169 
 0.156 
 0.162 
 0.158 
 0.162 
 0.160 
 0.129 
 0.168 
 0.152 
 0.162 
 0.166 
 0.159 
 0.152 
 0.154 
 0.164 
 0.166 
 0.168 
 0.166 
 0.151 
 0.161 
 0.167 
 0.163 
 0.164 
 0.171 
 0.161 
 0.154 
 0.149 
 0.158 
 0.161 
 0.162 
 0.161 
 0.160 
 0.152 
 0.165 
 0.149 
 0.166 
 0.163 
 0.151 
 0.160 
 0.158 
 0.169 
 0.137 
 0.153 
 0.154 
 0.171 
 0.159 
 0.142 
 0.163 
 0.152 
 0.158 
 0.165 
 0.160 
 0.167 
 0.166 
 0.152 
 0.158 
 0.161 
 0.152 
 0.152 
 0.164 
 0.146 
 0.164 
 0.167 
 0.135 
 0.167 
 0.165 
 0.150 
 0.138 
 0.162 
 0.171 
 0.171 
 0.153 
 0.165 
 0.150 
 0.155 
 0.159 
 0.151 
 0.156 
 0.148 
 0.150 
 0.169 
 0.166 
 0.170 
 0.154 
 0.161 
 0.164 
 0.138 
 0.166 
 0.163 
 0.170 
 0.168 
 0.164 
 0.157 
 0.167 
 0.161 
 0.166 
 0.158 
 0.165 
 0.165 
 0.163 
 0.175 
 0.159 
 0.159 
 0.166 
 0.158 
 0.151 
 0.159 
 0.159 
 0.160 
 0.165 
 0.140 
 0.157 
 0.143 
 0.169 
 0.164 
 0.161 
 0.149 
 0.147 
 0.157 
 0.161 
 0.145 
 0.144 
 0.162 
 0.148 
 0.149 
 0.164 
 0.153 
 0.159 
 0.152 
 0.167 
 0.171 
 0.136 
 0.164 
 0.139 
 0.168 
 0.144 
 0.131 
 0.166 
 0.166 
 0.167 
 0.168 
 0.165 
 0.170 
 0.172 
 0.164 
 0.179 
 0.166 
 0.124 
 0.167 
 0.169 
 0.162 
 0.171 
 0.164 
 0.165 
 0.166 
 0.166 
 0.167 
 0.170 
 0.164 
 0.147 
 0.157 
 0.147 
 0.161 
 0.161 
 0.161 
 0.162 
 0.135 
 0.159 
 0.173 
 0.158 
 0.166 
 0.166 
 0.148 
 0.165 
 0.165 
 0.158 
 0.160 
 0.155 
 0.157 
 0.162 
 0.167 
 0.165 
 0.148 
 0.164 
 0.170 
 0.162 
 0.158 
 0.162 
 0.165 
 0.150 
 0.160 
 0.156 
 0.155 
 0.162 
 0.163 
 0.166 
 0.167 
 0.164 
 0.171 
 0.168 
 0.169 
 0.158 
 0.153 
 0.169 
 0.161 
 0.160 
 0.162 
 0.164 
 0.165 
 0.162 
 0.150 
 0.115 
 0.166 
 0.164 
 0.168 
 0.143 
 0.159 
 0.147 
 0.154 
 0.135 
 0.154 
 0.165 
 0.160 
 0.153 
 0.171 
 0.166 
 0.167 
 0.170 
 0.167 
 0.154 
 0.150 
 0.161 
 0.138 
 0.161 
 0.150 
 0.162 
 0.151 
 0.168 
 0.149 
 0.162 
 0.154 
 0.165 
 0.167 
 0.162 
 0.121 
 0.147 
 0.151 
 0.113 
 0.135 
 0.170 
 0.138 
 0.149 
 0.147 
 0.159 
 0.164 
 0.163 
 0.164 
 0.156 
 0.168 
 0.161 
 0.160 
 0.151 
 0.152 
 0.156 
 0.141 
 0.162 
 0.148 
 0.167 
 0.096 
 0.167 
 0.169 
 0.162 
 0.165 
 0.156 
 0.168 
 0.169 
 0.134 
 0.161 
 0.151 
 0.171 
 0.158 
 0.161 
 0.139 
 0.147 
 0.162 
 0.168 
 0.144 
 0.130 
 0.134 
 0.168 
 0.161 
 0.168 
 0.167 
 0.166 
 0.167 
 0.166 
 0.138 
 0.159 
 0.155 
 0.155 
 0.168 
 0.157 
 0.151 
 0.169 
 0.139 
 0.149 
 0.167 
 0.169 
 0.159 
 0.152 
 0.168 
 0.148 
 0.166 
 0.145 
 0.169 
 0.163 
 0.157 
 0.163 
 0.163 
 0.126 
 0.157 
 0.161 
 0.152 
 0.166 
 0.167 
 0.167 
 0.167 
 0.164 
 0.169 
 0.169 
 0.142 
 0.173 
 0.179 
 0.159 
 0.161 
 0.137 
 0.161 
 0.168 
 0.142 
 0.159 
 0.160 
 0.164 
 0.164 
 0.165 
 0.166 
 0.156 
 0.127 
 0.143 
 0.131 
 0.040 
 0.154 
 0.115 
 0.171 
 0.168 
 0.171 
 0.118 
 0.148 
 0.170 
 0.129 
 0.158 
 0.160 
 0.152 
 0.167 
 0.139 
 0.160 
 0.157 
 0.167 
 0.156 
 0.164 
 0.168 
 0.159 
 0.158 
 0.162 
 0.091 
 0.155 
 0.124 
 0.155 
 0.159 
 0.165 
 0.155 
 0.162 
 0.160 
 0.144 
 0.143 
 0.155 
 0.164 
 0.172 
 0.157 
 0.164 
 0.171 
 0.102 
 0.161 
 0.170 
 0.149 
 0.170 
 0.163 
 0.160 
 0.164 
 0.166 
 0.038 
 0.173 
 0.166 
 0.169 
 0.160 
 0.166 
 0.172 
 0.162 
 0.173 
 0.156 
 0.160 
 0.165 
 0.163 
 0.166 
 0.169 
 0.144 
 0.168 
 0.162 
 0.160 
 0.170 
 0.170 
 0.141 
 0.156 
 0.164 
 0.133 
 0.156 
 0.140 
 0.169 
 0.156 
 0.159 
 0.092 
 0.161 
 0.163 
 0.166 
 0.158 
 0.165 
 0.154 
 0.162 
 0.165 
 0.159 
 0.171 
 0.155 
 0.160 
 0.167 
 0.142 
 0.165 
 0.147 
 0.138 
 0.134 
 0.142 
 0.160 
 0.140 
 0.167 
 0.107 
 0.150 
 0.150 
 0.153 
 0.170 
 0.153 
 0.172 
 0.129 
 0.162 
 0.158 
 0.136 
 0.168 
 0.165 
 0.153 
 0.164 
 0.149 
 0.170 
 0.052 
 0.168 
 0.159 
 0.179 
 0.157 
 0.129 
 0.171 
 0.164 
 0.130 
 0.151 
 0.147 
 0.158 
 0.147 
 0.150 
 0.126 
 0.153 
 0.102 
 0.172 
 0.167 
 0.169 
 0.135 
 0.143 
 0.162 
 0.158 
 0.094 
 0.159 
 0.164 
 0.128 
 0.154 
 0.164 
 0.166 
 0.159 
 0.166 
 0.013 
 0.138 
 0.175 
 0.145 
 0.159 
 0.174 
 0.155 
 0.169 
 0.158 
 0.147 
 0.147 
 0.160 
 0.161 
 0.165 
 0.151 
 0.166 
 0.170 
 0.136 
 0.168 
 0.165 
 0.165 
 0.161 
 0.164 
 0.166 
 0.160 
 0.168 
 0.165 
 0.164 
 0.175 
 0.168 
 0.168 
 0.163 
 0.167 
 0.160 
 0.149 
 0.152 
 0.167 
 0.165 
 0.147 
 0.159 
 0.158 
 0.125 
 0.162 
 0.166 
 0.167 
 0.141 
 0.155 
 0.156 
 0.161 
 0.161 
 0.025 
 0.146 
 0.158 
 0.167 
 0.155 
 0.153 
 0.158 
 0.158 
 0.159 
 0.163 
 0.168 
 0.158 
 0.165 
 0.170 
 0.167 
 0.150 
 0.107 
 0.160 
 0.170 
 0.151 
 0.164 
 0.163 
 0.154 
 0.147 
 0.173 
 0.173 
 0.158 
 0.164 
 0.163 
 0.169 
 0.163 
 0.171 
 0.163 
 0.173 
 0.162 
 0.167 
 0.142 
 0.168 
 0.156 
 0.164 
 0.158 
 0.155 
 0.176 
 0.154 
 0.155 
 0.166 
 0.143 
 0.153 
 0.148 
 0.145 
 0.142 
 0.166 
 0.164 
 0.112 
 0.166 
 0.159 
 0.166 
 0.162 
 0.162 
 0.163 
 0.161 
 0.141 
 0.116 
 0.144 
 0.158 
 0.160 
 0.173 
 0.158 
 0.167 
 0.131 
 0.162 
 0.166 
 0.097 
 0.167 
 0.166 
 0.165 
 0.150 
 0.170 
 0.157 
 0.161 
 0.166 
 0.166 
 0.153 
 0.134 
 0.165 
 0.150 
 0.150 
 0.176 
 0.127 
 0.164 
 0.150 
 0.150 
 0.163 
 0.169 
 0.146 
 0.170 
 0.159 
 0.170 
 0.167 
 0.148 
 0.135 
 0.154 
 0.168 
 0.165 
 0.161 
 0.125 
 0.155 
 0.122 
 0.158 
 0.161 
 0.159 
 0.162 
 0.171 
 0.107 
 0.153 
 0.170 
 0.157 
 0.131 
 0.143 
 0.154 
 0.165 
 0.149 
 0.155 
 0.147 
 0.166 
 0.112 
 0.153 
 0.157 
 0.153 
 0.160 
 0.117 
 0.163 
 0.176 
 0.165 
 0.164 
 0.174 
 0.160 
 0.165 
 0.166 
 0.169 
 0.164 
 0.170 
 0.154 
 0.173 
 0.159 
 0.165 
 0.167 
 0.169 
 0.173 
 0.154 
 0.155 
 0.159 
 0.157 
 0.162 
 0.158 
 0.146 
 0.160 
 0.161 
 0.162 
 0.170 
 0.163 
 0.170 
 0.139 
 0.165 
 0.163 
 0.159 
 0.146 
 0.171 
 0.173 
