Pareto  ID   Origin     Composition     Enthalpy   Volume  Density   Mag_moment    ConvexHull  KPOINTS   SYMM  Q_entr A_order S_order 
front                                   eV/atom    (A^3)  (g/cm^3)
  1    684    Seeds     [     1 12  ]    -7.939   168.028   8.109        0.154        0.000    [ 4  3  3] 139    0.146  3.190  2.679  
  1   1788  Permutate   [     1 12  ]    -7.862   170.389   7.996        0.166        0.998    [ 3  3  2] 191    0.170  3.509  2.809  
  1    164  Permutate   [     1 12  ]    -7.839   169.224   8.051        0.168        1.288    [ 4  4  2]  12    0.162  3.279  2.646  
  1    659  softmutate  [     1 12  ]    -7.824   165.424   8.236        0.170        1.487    [ 2  4  3]  12    0.182  2.807  2.195  
  1   1010  softmutate  [     1 12  ]    -7.789   166.488   8.184        0.173        1.950    [ 4  4  2]   1    0.192  3.107  2.366  
  1   1862  softmutate  [     1 12  ]    -7.585   175.690   7.755        0.179        4.597    [ 6  6  1]   1    0.133  2.533  2.329  
  2   2384   Heredity   [     1 12  ]    -7.938   166.251   8.195        0.153        0.012    [ 4  3  3] 139    0.166  3.041  2.462  
  2   2365  softmutate  [     1 12  ]    -7.927   166.539   8.181        0.153        0.151    [ 3  4  3]   2    0.169  2.670  2.154  
  2   2160   Heredity   [     1 12  ]    -7.862   164.248   8.295        0.160        1.001    [ 4  4  2]   2    0.137  2.937  2.488  
  2   1109   Heredity   [     1 12  ]    -7.858   173.857   7.837        0.163        1.040    [ 3  3  2]   8    0.184  3.314  2.585  
  2   2615  softmutate  [     1 12  ]    -7.845   173.708   7.843        0.165        1.218    [ 1  3  5]  12    0.126  2.879  2.489  
  2   1783  Permutate   [     1 12  ]    -7.839   171.238   7.957        0.166        1.377    [ 4  4  2]  12    0.158  3.446  2.781  
  2    966  Permutate   [     1 12  ]    -7.821   168.349   8.093        0.166        1.526    [ 5  3  1]   1    0.102  2.890  2.577  
  2   1650  softmutate  [     1 12  ]    -7.813   171.794   7.931        0.169        1.635    [ 3  2  4]   1    0.146  2.611  2.199  
  2    863    Seeds     [     1 12  ]    -7.802   163.896   8.313        0.170        1.772    [ 3  3  2]   2    0.144  2.411  2.036  
  2   2358  softmutate  [     1 12  ]    -7.772   165.213   8.247        0.172        2.167    [ 4  4  2]   2    0.132  2.603  2.241  
  2   2372  softmutate  [     1 12  ]    -7.303   132.433  10.288        0.179        8.265    [ 6  6  1]   1    0.103  2.523  2.291  
  3   2499   Heredity   [     1 12  ]    -7.936   169.792   8.024        0.153        0.036    [ 4  3  3]  12    0.173  2.879  2.302  
  3    745  Permutate   [     1 12  ]    -7.855   174.497   7.808        0.162        1.086    [ 3  3  2] 191    0.158  3.699  3.016  
  3   1427  softmutate  [     1 12  ]    -7.844   156.699   8.695        0.163        1.231    [ 5  5  1] 139    0.100  3.776  3.392  
  3    692    Seeds     [     1 12  ]    -7.834   170.810   7.977        0.163        1.362    [ 3  3  3]   2    0.174  2.383  1.902  
  3    673    Seeds     [     1 12  ]    -7.819   163.341   8.341        0.164        1.559    [ 3  3  3]   2    0.170  2.388  1.919  
  3    919    Seeds     [     1 12  ]    -7.811   168.856   8.069        0.166        1.657    [ 3  3  3]   1    0.180  2.291  1.811  
  3   2244  softmutate  [     1 12  ]    -7.804   149.742   9.099        0.166        1.752    [ 5  5  1]   1    0.092  3.195  2.917  
  3   1075    Seeds     [     1 12  ]    -7.796   163.425   8.337        0.167        1.858    [ 3  3  3]   1    0.184  2.287  1.790  
  3   1801  Permutate   [     1 12  ]    -7.778   170.523   7.990        0.167        2.086    [ 4  3  2]   1    0.194  2.306  1.772  
  3   2409  Permutate   [     1 12  ]    -7.777   172.345   7.905        0.169        2.096    [ 4  4  2] 160    0.203  3.226  2.298  
  3   1821  LatMutate   [     1 12  ]    -7.763   163.552   8.331        0.169        2.288    [ 3  3  3]   1    0.198  2.309  1.755  
  3   1940    RandTop   [     1 12  ]    -7.722   157.825   8.633        0.169        2.814    [ 3  3  2]   6    0.215  2.713  1.940  
  3   2386   Heredity   [     1 12  ]    -7.720   160.724   8.477        0.172        2.837    [ 3  3  2]   1    0.200  2.333  1.762  
  4   2500   Heredity   [     1 12  ]    -7.918   158.470   8.598        0.148        0.263    [ 3  4  3] 139    0.156  2.970  2.458  
  4    111   Heredity   [     1 12  ]    -7.854   174.327   7.816        0.159        1.096    [ 3  2  3]   2    0.190  2.546  1.937  
  4   2522  Permutate   [     1 12  ]    -7.841   177.271   7.686        0.162        1.264    [ 1  5  3]   2    0.107  2.981  2.646  
  4   2155   Heredity   [     1 12  ]    -7.832   167.994   8.110        0.163        1.379    [ 3  4  2]   2    0.151  2.633  2.192  
  4   2479  softmutate  [     1 12  ]    -7.800   169.020   8.061        0.164        1.802    [ 3  3  3]   8    0.164  2.486  2.024  
  4   2107    Seeds     [     1 12  ]    -7.771   166.407   8.188        0.164        2.178    [ 4  4  2]   8    0.210  2.857  2.036  
  4   2095    Seeds     [     1 12  ]    -7.762   173.730   7.842        0.166        2.295    [ 4  4  2]   8    0.197  2.935  2.226  
  4   2080    Seeds     [     1 12  ]    -7.761   166.467   8.185        0.167        2.311    [ 4  4  2]   8    0.232  2.499  1.751  
  4   2420  Permutate   [     1 12  ]    -7.708   167.199   8.149        0.168        2.995    [ 6  6  1]  42    0.104  2.888  2.633  
  4   2529  Permutate   [     1 12  ]    -7.698   171.179   7.959        0.170        3.133    [ 5  3  2]   1    0.190  2.126  1.671  
  5    802  softmutate  [     1 12  ]    -7.914   165.984   8.208        0.138        0.316    [ 4  4  2] 139    0.142  3.551  2.963  
  5    333  softmutate  [     1 12  ]    -7.913   164.651   8.275        0.138        0.326    [ 4  4  2] 139    0.141  3.718  3.108  
  5    239   Heredity   [     1 12  ]    -7.907   162.781   8.370        0.139        0.404    [ 2  4  4] 139    0.145  3.453  2.874  
  5    108    RandTop   [     1 12  ]    -7.901   164.216   8.297        0.141        0.492    [ 4  4  2]  65    0.161  3.312  2.666  
  5    758  Permutate   [     1 12  ]    -7.893   168.077   8.106        0.143        0.592    [ 4  4  2]  47    0.178  3.224  2.479  
  5     23    RandTop   [     1 12  ]    -7.881   171.328   7.952        0.147        0.744    [ 4  4  2]  12    0.136  3.357  2.823  
  5    427  Permutate   [     1 12  ]    -7.851   175.086   7.782        0.157        1.141    [ 2  4  4]  10    0.152  2.678  2.205  
  5   1312    Seeds     [     1 12  ]    -7.840   178.933   7.614        0.160        1.282    [ 3  3  2]  12    0.158  3.103  2.550  
  5   2480  softmutate  [     1 12  ]    -7.828   153.111   8.899        0.163        1.431    [ 1  5  5]  12    0.094  3.370  3.082  
  5   1519    Seeds     [     1 12  ]    -7.728   172.442   7.901        0.164        2.738    [ 3  3  2]   8    0.168  2.892  2.321  
  5   2503   Heredity   [     1 12  ]    -7.696   158.814   8.579        0.166        3.147    [ 2  3  3]   1    0.232  2.297  1.588  
  5   2567  Permutate   [     1 12  ]    -7.690   167.713   8.124        0.170        3.232    [ 6  6  1]   1    0.121  2.686  2.456  
  6    443  Permutate   [     1 12  ]    -7.908   166.773   8.170        0.137        0.391    [ 4  4  2]  69    0.148  3.198  2.636  
  6   1946   Heredity   [     1 12  ]    -7.886   171.807   7.930        0.142        0.682    [ 4  3  2] 123    0.174  3.459  2.711  
  6    789  softmutate  [     1 12  ]    -7.881   162.811   8.368        0.142        0.752    [ 4  4  2]  12    0.150  3.071  2.519  
  6    517    Seeds     [     1 12  ]    -7.864   163.101   8.354        0.144        0.963    [ 4  4  2]  65    0.153  3.067  2.518  
  6    466  LatMutate   [     1 12  ]    -7.840   174.974   7.787        0.160        1.286    [ 4  4  2]  12    0.147  2.794  2.348  
  6   1308    Seeds     [     1 12  ]    -7.822   163.960   8.310        0.162        1.514    [ 4  4  2]   1    0.172  3.188  2.554  
  6   1902    Seeds     [     1 12  ]    -7.786   167.761   8.121        0.162        1.981    [ 3  3  2]   2    0.192  2.401  1.853  
  6   2065  softmutate  [     1 12  ]    -7.776   167.615   8.129        0.162        2.114    [ 4  4  2]   8    0.204  2.504  1.883  
  6   2545  Permutate   [     1 12  ]    -7.678   171.458   7.946        0.169        3.392    [ 2  4  3]   1    0.222  2.272  1.633  
  7    724   Heredity   [     1 12  ]    -7.902   169.801   8.024        0.135        0.476    [ 4  4  2]  12    0.139  3.013  2.532  
  7    977  Permutate   [     1 12  ]    -7.880   173.213   7.866        0.137        0.759    [ 4  4  2]  12    0.141  2.941  2.477  
  7   1986  Permutate   [     1 12  ]    -7.875   171.356   7.951        0.138        0.828    [ 4  4  2]  12    0.136  2.757  2.344  
  7   1149  Permutate   [     1 12  ]    -7.869   176.644   7.713        0.141        0.904    [ 4  4  2]  12    0.136  2.667  2.262  
  7     99    RandTop   [     1 12  ]    -7.835   167.198   8.149        0.149        1.344    [ 3  4  2]  10    0.148  2.712  2.259  
  7   2568  LatMutate   [     1 12  ]    -7.825   165.893   8.213        0.157        1.479    [ 4  4  2]   8    0.147  2.978  2.488  
  7   2309    RandTop   [     1 12  ]    -7.815   178.711   7.624        0.160        1.606    [ 4  2  3]   1    0.158  2.532  2.090  
  7   2517   Heredity   [     1 12  ]    -7.759   167.466   8.136        0.160        2.335    [ 3  3  3]   1    0.200  2.205  1.672  
  7   2510   Heredity   [     1 12  ]    -7.709   165.132   8.251        0.162        2.985    [ 3  4  2]   1    0.202  2.206  1.666  
  7   2301  Permutate   [     1 12  ]    -7.603   172.545   7.896        0.166        4.366    [ 4  4  2]   8    0.237  2.703  1.837  
  8    438  Permutate   [     1 12  ]    -7.901   170.712   7.981        0.134        0.487    [ 2  4  4]  69    0.151  3.095  2.555  
  8   1585    RandTop   [     1 12  ]    -7.896   170.147   8.008        0.134        0.547    [ 2  4  4]  12    0.152  2.918  2.402  
  8    159  Permutate   [     1 12  ]    -7.891   171.091   7.963        0.135        0.623    [ 2  4  4]  12    0.140  2.785  2.354  
  8    748  Permutate   [     1 12  ]    -7.872   170.681   7.983        0.138        0.864    [ 4  4  2]   2    0.127  2.535  2.188  
  8   2020  LatMutate   [     1 12  ]    -7.835   168.418   8.090        0.145        1.348    [ 4  2  3]   2    0.170  2.541  2.040  
  8   1348    RandTop   [     1 12  ]    -7.807   173.101   7.871        0.160        1.711    [ 2  4  3]   6    0.189  2.815  2.163  
  8   2019  LatMutate   [     1 12  ]    -7.654   155.224   8.777        0.161        3.698    [ 4  2  3]   1    0.198  2.299  1.724  
  8    287  Permutate   [     1 12  ]    -7.589   172.544   7.896        0.165        4.550    [ 1  4  4]   6    0.232  2.963  1.953  
  9     79    RandTop   [     1 12  ]    -7.856   165.037   8.256        0.137        1.078    [ 2  4  4]   8    0.192  2.795  2.149  
  9   2488   Heredity   [     1 12  ]    -7.825   149.751   9.098        0.142        1.470    [ 4  4  2] 123    0.147  3.556  2.942  
  9   2202  LatMutate   [     1 12  ]    -7.805   158.975   8.570        0.151        1.737    [ 4  4  2]  12    0.178  3.087  2.418  
  9   2604  softmutate  [     1 12  ]    -7.802   170.602   7.986        0.157        1.794    [ 3  2  4]   6    0.182  2.711  2.120  
  9   2001  LatMutate   [     1 12  ]    -7.780   162.232   8.398        0.159        2.066    [ 3  4  2]  10    0.174  2.962  2.331  
  9   2008  LatMutate   [     1 12  ]    -7.776   169.083   8.058        0.160        2.113    [ 4  3  2]   2    0.154  2.226  1.848  
  9   1849  softmutate  [     1 12  ]    -7.628   144.696   9.416        0.160        4.040    [ 4  6  1]   8    0.180  2.661  2.093  
  9   1212  softmutate  [     1 12  ]    -7.567   149.815   9.094        0.163        4.824    [ 5  4  1]   1    0.168  2.348  1.889  
 10    741  Permutate   [     1 12  ]    -7.805   170.398   7.996        0.145        1.741    [ 4  3  2]   8    0.142  2.937  2.475  
 10   1828  softmutate  [     1 12  ]    -7.793   160.187   8.506        0.149        1.889    [ 3  4  2]  12    0.174  2.592  2.074  
 10   2448  LatMutate   [     1 12  ]    -7.791   166.854   8.166        0.155        1.912    [ 2  4  4]  12    0.155  2.833  2.324  
 10   1945   Heredity   [     1 12  ]    -7.770   163.601   8.328        0.159        2.186    [ 4  3  2]   1    0.203  2.391  1.806  
 10   2002  Permutate   [     1 12  ]    -7.755   165.972   8.209        0.159        2.385    [ 4  4  2]   8    0.202  2.798  2.067  
 10   2371  softmutate  [     1 12  ]    -7.725   179.916   7.573        0.159        2.778    [ 3  3  2]   1    0.195  2.242  1.711  
 11   2247  softmutate  [     1 12  ]    -7.782   164.725   8.271        0.143        2.034    [ 3  4  2]   6    0.201  2.706  2.054  
 11    754  Permutate   [     1 12  ]    -7.772   171.029   7.966        0.153        2.165    [ 2  4  4]  38    0.169  3.306  2.632  
 11   2408  Permutate   [     1 12  ]    -7.770   179.870   7.575        0.155        2.194    [ 4  4  2]   8    0.184  3.142  2.487  
 11   1835  softmutate  [     1 12  ]    -7.749   166.326   8.192        0.157        2.461    [ 3  3  3]   2    0.188  2.129  1.655  
 11   1597  Permutate   [     1 12  ]    -7.748   166.369   8.189        0.157        2.470    [ 4  4  2] 160    0.215  3.233  2.286  
 11   2069  softmutate  [     1 12  ]    -7.741   163.351   8.341        0.158        2.567    [ 3  3  3]   2    0.176  2.249  1.782  
 11   1713    Seeds     [     1 12  ]    -7.709   174.779   7.795        0.159        2.988    [ 3  3  2]   1    0.191  2.621  2.014  
 12   2129    Seeds     [     1 12  ]    -7.759   163.767   8.320        0.154        2.328    [ 4  4  2]   8    0.208  2.699  2.001  
 12   2091    Seeds     [     1 12  ]    -7.748   167.850   8.117        0.156        2.481    [ 4  4  2]   8    0.214  3.134  2.187  
 12   1545   Heredity   [     1 12  ]    -7.698   162.176   8.401        0.156        3.126    [ 3  3  2]   8    0.143  3.086  2.558  
 12   2490   Heredity   [     1 12  ]    -7.679   148.216   9.192        0.156        3.370    [ 4  3  2]   1    0.130  2.540  2.191  
 12   1054    Seeds     [     1 12  ]    -7.664   167.594   8.130        0.156        3.569    [ 3  3  2]   1    0.160  2.984  2.448  
 12   2442  LatMutate   [     1 12  ]    -7.656   153.012   8.904        0.158        3.672    [ 3  4  2]   1    0.183  2.577  2.011  
 13   2119    Seeds     [     1 12  ]    -7.755   165.512   8.232        0.135        2.382    [ 3  3  2]   2    0.175  2.388  1.908  
 13   1960   Heredity   [     1 12  ]    -7.748   171.304   7.954        0.146        2.476    [ 4  3  2]   6    0.220  3.036  2.155  
 13   1696    Seeds     [     1 12  ]    -7.730   165.011   8.257        0.155        2.708    [ 4  4  2]   8    0.198  2.632  1.997  
 13    150  Permutate   [     1 12  ]    -7.649   182.189   7.478        0.158        3.758    [ 4  3  2]  35    0.239  2.656  1.779  
 14   1019  softmutate  [     1 12  ]    -7.746   149.265   9.128        0.126        2.509    [ 4  4  2] 183    0.197  3.347  2.529  
 14   2182    RandTop   [     1 12  ]    -7.745   163.559   8.330        0.139        2.511    [ 2  4  3]   8    0.234  2.607  1.783  
 14   2502   Heredity   [     1 12  ]    -7.737   159.675   8.533        0.142        2.625    [ 3  2  3]   1    0.221  2.345  1.676  
 14   2152   Heredity   [     1 12  ]    -7.728   162.410   8.389        0.147        2.741    [ 4  4  2]   2    0.189  2.541  1.960  
 14   2178  Permutate   [     1 12  ]    -7.723   178.733   7.623        0.151        2.801    [ 4  4  2]   1    0.143  3.416  2.878  
 14   2397   Heredity   [     1 12  ]    -7.708   173.371   7.859        0.154        2.999    [ 4  4  2]   1    0.206  2.518  1.857  
 14   2571  LatMutate   [     1 12  ]    -7.674   159.201   8.558        0.154        3.441    [ 2  4  4]   2    0.197  2.415  1.846  
 14    727   Heredity   [     1 12  ]    -7.646   158.115   8.617        0.156        3.805    [ 3  3  3]   1    0.198  2.073  1.575  
 14   2410  Permutate   [     1 12  ]    -7.644   173.783   7.840        0.158        3.824    [ 2  3  3]   6    0.227  2.492  1.736  
 15   2248  softmutate  [     1 12  ]    -7.743   171.050   7.965        0.131        2.539    [ 4  2  3]   8    0.217  2.500  1.815  
 15     54    RandTop   [     1 12  ]    -7.720   166.683   8.174        0.145        2.847    [ 4  4  2]   8    0.219  3.004  2.100  
 15   2117    Seeds     [     1 12  ]    -7.718   175.031   7.784        0.147        2.866    [ 4  4  2]   1    0.163  3.200  2.579  
 15    970  Permutate   [     1 12  ]    -7.665   171.520   7.944        0.147        3.560    [ 4  4  2]   8    0.212  3.103  2.179  
 15   2537  Permutate   [     1 12  ]    -7.658   176.213   7.732        0.150        3.643    [ 4  4  2]  12    0.198  2.742  2.064  
 15    968  Permutate   [     1 12  ]    -7.632   173.742   7.842        0.151        3.980    [ 4  4  2]   1    0.211  2.781  1.979  
 15   2594  softmutate  [     1 12  ]    -7.615   156.681   8.696        0.154        4.204    [ 3  3  2]   1    0.189  2.307  1.766  
 15    688    Seeds     [     1 12  ]    -7.938   170.502   7.991        0.155       65.082    [ 4  3  3] 139    0.149  3.303  2.766  
 16   2374   Heredity   [     1 12  ]    -7.739   163.741   8.321        0.129        2.595    [ 4  2  3]  12    0.119  2.421  2.123  
 16   1791    RandTop   [     1 12  ]    -7.730   161.450   8.439        0.130        2.712    [ 3  3  3]   2    0.182  2.166  1.704  
 16   2346  LatMutate   [     1 12  ]    -7.698   176.587   7.716        0.138        3.124    [ 4  4  2]   1    0.235  2.388  1.595  
 16   1775  Permutate   [     1 12  ]    -7.663   167.895   8.115        0.145        3.578    [ 4  4  2] 187    0.198  3.401  2.444  
 16   1162  Permutate   [     1 12  ]    -7.604   176.540   7.718        0.151        4.351    [ 4  4  2]   5    0.230  2.524  1.722  
 17   2249  softmutate  [     1 12  ]    -7.730   157.707   8.639        0.040        2.715    [ 4  3  2]   6    0.155  3.124  2.561  
 17   1825  LatMutate   [     1 12  ]    -7.691   153.292   8.888        0.084        3.223    [ 3  4  2]   6    0.201  2.833  2.085  
 17   2577  LatMutate   [     1 12  ]    -7.678   165.316   8.242        0.112        3.381    [ 3  2  3]   2    0.197  2.146  1.639  
 17   2036  softmutate  [     1 12  ]    -7.668   152.185   8.953        0.131        3.515    [ 4  4  2]   2    0.188  2.658  2.027  
 17   1827  LatMutate   [     1 12  ]    -7.635   166.513   8.182        0.135        3.951    [ 3  2  3]   1    0.223  2.198  1.571  
 17   2282   Heredity   [     1 12  ]    -7.598   176.692   7.711        0.144        4.424    [ 3  4  2]   1    0.195  2.283  1.728  
 17   2059  softmutate  [     1 12  ]    -7.575   176.012   7.741        0.147        4.722    [ 4  3  2]   1    0.217  2.098  1.521  
 17    139    RandTop   [     1 12  ]    -7.566   182.008   7.486        0.150        4.841    [ 4  2  3]   1    0.220  2.692  1.892  
 17   1973  Permutate   [     1 12  ]    -7.663   173.338   7.860        0.150        9.670    [ 4  4  2]   1    0.201  3.247  2.338  
 18   1631  LatMutate   [     1 12  ]    -7.652   161.309   8.446        0.117        3.724    [ 3  4  2]   1    0.199  2.175  1.654  
 18   2255  softmutate  [     1 12  ]    -7.646   170.308   8.000        0.118        3.806    [ 3  4  2]   1    0.229  2.387  1.690  
 18   2396    RandTop   [     1 12  ]    -7.615   151.331   9.003        0.128        4.201    [ 4  3  3]   1    0.188  2.225  1.717  
 18    368    Seeds     [     1 12  ]    -7.595   159.030   8.567        0.134        4.472    [ 3  3  2]   1    0.208  2.096  1.562  
 18    753  Permutate   [     1 12  ]    -7.567   171.348   7.951        0.142        4.827    [ 4  4  2]  35    0.250  2.861  1.836  
 19    568   Heredity   [     1 12  ]    -7.644   157.434   8.654        0.054        3.826    [ 3  4  2]   1    0.118  2.882  2.550  
 19   2565  LatMutate   [     1 12  ]    -7.622   156.317   8.716        0.107        4.116    [ 4  2  3]   6    0.242  2.451  1.623  
 19   1505    Seeds     [     1 12  ]    -7.610   179.920   7.573        0.119        4.267    [ 4  4  2]   1    0.097  3.268  2.948  
 19    766  LatMutate   [     1 12  ]    -7.596   154.330   8.828        0.127        4.456    [ 3  2  3]   1    0.215  2.198  1.591  
 19   1967    RandTop   [     1 12  ]    -7.558   152.544   8.932        0.138        4.951    [ 3  4  2]   6    0.232  2.480  1.723  
 19   1790    RandTop   [     1 12  ]    -7.468   178.728   7.623        0.140        6.123    [ 4  2  4]   6    0.204  3.151  2.312  
 20    781  LatMutate   [     1 12  ]    -7.614   153.151   8.896        0.106        4.223    [ 3  3  3]   1    0.200  2.141  1.610  
 20   2111    Seeds     [     1 12  ]    -7.564   160.594   8.484        0.115        4.867    [ 3  4  2]   1    0.222  2.202  1.563  
 20   1765   Heredity   [     1 12  ]    -7.544   150.456   9.056        0.126        5.124    [ 4  3  2]   1    0.205  2.366  1.762  
 20    401   Heredity   [     1 12  ]    -7.543   151.009   9.022        0.134        5.147    [ 3  3  2]   1    0.193  2.240  1.700  
 20    576    RandTop   [     1 12  ]    -7.473   178.977   7.613        0.135        6.046    [ 4  2  4]   6    0.218  2.852  2.027  
 20   1414  softmutate  [     1 12  ]    -7.911   162.077   8.406        0.139        8.905    [ 4  4  2] 139    0.148  3.839  3.150  
 21   1840  softmutate  [     1 12  ]    -7.594   144.166   9.451        0.072        4.482    [ 6  3  2]   1    0.164  2.427  1.996  
 21   1556    RandTop   [     1 12  ]    -7.557   159.937   8.519        0.115        4.956    [ 3  3  3]   6    0.220  2.566  1.801  
 21      1    RandTop   [     1 12  ]    -7.536   167.877   8.116        0.116        5.230    [ 3  3  3] 166    0.166  3.269  2.639  
 21    114   Heredity   [     1 12  ]    -7.517   178.313   7.641        0.118        5.482    [ 4  4  2]   1    0.237  2.514  1.716  
 21     62    RandTop   [     1 12  ]    -7.503   168.253   8.098        0.125        5.663    [ 4  3  2]  25    0.236  2.825  1.893  
 21    500  softmutate  [     1 12  ]    -7.501   173.244   7.864        0.131        5.685    [ 3  4  2]   1    0.196  2.318  1.771  
 22    956    RandTop   [     1 12  ]    -7.547   148.199   9.194        0.103        5.086    [ 3  3  2]   1    0.230  2.121  1.479  
 22   2514   Heredity   [     1 12  ]    -7.529   161.408   8.441        0.116        5.321    [ 3  4  2]   1    0.228  2.162  1.497  
 22    268    RandTop   [     1 12  ]    -7.474   154.116   8.841        0.130        6.043    [ 4  2  3]   1    0.228  2.302  1.615  
 23     41    RandTop   [     1 12  ]    -7.519   143.046   9.525        0.050        5.459    [ 3  3  4]   6    0.212  2.734  1.999  
 23   2273   Heredity   [     1 12  ]    -7.491   149.307   9.125        0.091        5.811    [ 3  4  2]   1    0.217  2.603  1.897  
 23   2524    RandTop   [     1 12  ]    -7.378   183.683   7.418        0.097        7.284    [ 2  4  4]  25    0.214  3.185  2.332  
 23   1350    RandTop   [     1 12  ]    -7.354   184.850   7.371        0.115        7.602    [ 4  2  4]   3    0.206  3.047  2.300  
 24    498  softmutate  [     1 12  ]    -7.471   138.353   9.848        0.071        6.084    [ 3  6  2]   1    0.157  2.458  2.047  
 25    960    RandTop   [     1 12  ]    -7.300   182.766   7.455        0.067        8.300    [ 4  2  3]   6    0.234  2.645  1.836  
